0.000296063780561018 -0.0188464554468770 -0.500000000000000 -1.47858407346410
0.00118396294303702 -0.0376743117175880 -0.500000000000000 -1.44716814692820
0.00266282123815198 -0.0564649879911086 -0.500000000000000 -1.41575222039231
0.00473117921131327 -0.0751999401385826 -0.500000000000000 -1.38433629385641
0.00738699564291734 -0.0938606790241385 -0.500000000000000 -1.35292036732051
0.0106276495627867 -0.112428788751435 -0.500000000000000 -1.32150444078461
0.0144499428367515 -0.130885944837926 -0.500000000000000 -1.29008851424871
0.0188501033228213 -0.149213932298913 -0.500000000000000 -1.25867258771282
0.0238237885938342 -0.167394663623538 -0.500000000000000 -1.22725666117692
0.0293660902229079 -0.185410196624968 -0.500000000000000 -1.19584073464102
0.0354715386274648 -0.203242752147175 -0.500000000000000 -1.16442480810512
0.0421341084670492 -0.220874731610807 -0.500000000000000 -1.13300888156922
0.0493472245896113 -0.238288734380868 -0.500000000000000 -1.10159295503333
0.0571037685203883 -0.255467574939044 -0.500000000000000 -1.07017702849743
0.0653960854869793 -0.272394299843728 -0.500000000000000 -1.03876110196153
0.0742159919736819 -0.289052204461029 -0.500000000000000 -1.00734517542563
0.0835547837976338 -0.305424849450223 -0.500000000000000 -0.975929248889734
0.0934032446987909 -0.321496076987398 -0.500000000000000 -0.944513322353836
0.103751655435263 -0.337250026711278 -0.500000000000000 -0.913097395817939
0.114589803375032 -0.352671151375484 -0.500000000000000 -0.881681469282041
0.125906992574586 -0.367744232191786 -0.500000000000000 -0.850265542746143
0.137692054334527 -0.382454393849214 -0.500000000000000 -0.818849616210245
0.149933358221724 -0.396787119194191 -0.500000000000000 -0.787433689674347
0.162618823547153 -0.410728263557213 -0.500000000000000 -0.756017763138449
0.175735931288072 -0.424264068711929 -0.500000000000000 -0.724601836602551
0.189271736442787 -0.437381176452847 -0.500000000000000 -0.693185910066653
0.203212880805809 -0.450066641778276 -0.500000000000000 -0.661769983530755
0.217545606150786 -0.462307945665474 -0.500000000000000 -0.630354056994857
0.232255767808214 -0.474093007425414 -0.500000000000000 -0.598938130458959
0.247328848624516 -0.485410196624968 -0.500000000000000 -0.567522203923061
0.262749973288722 -0.496248344564737 -0.500000000000000 -0.536106277387163
0.278503923012602 -0.506596755301209 -0.500000000000000 -0.504690350851265
0.294575150549777 -0.516445216202366 -0.500000000000000 -0.473274424315367
0.310947795538971 -0.525784008026318 -0.500000000000000 -0.441858497779469
0.327605700156272 -0.534603914513021 -0.500000000000000 -0.410442571243571
0.344532425060956 -0.542896231479612 -0.500000000000000 -0.379026644707673
0.361711265619132 -0.550652775410389 -0.500000000000000 -0.347610718171775
0.379125268389193 -0.557865891532951 -0.500000000000000 -0.316194791635877
0.396757247852825 -0.564528461372535 -0.500000000000000 -0.284778865099979
0.414589803375032 -0.570633909777092 -0.500000000000000 -0.253362938564081
0.432605336376462 -0.576176211406166 -0.500000000000000 -0.221947012028184
0.450786067701087 -0.581149896677179 -0.500000000000000 -0.190531085492286
0.469114055162075 -0.585550057163249 -0.500000000000000 -0.159115158956388
0.487571211248565 -0.589372350437213 -0.500000000000000 -0.127699232420490
0.506139320975862 -0.592613004357083 -0.500000000000000 -0.0962833058845918
0.524800059861417 -0.595268820788687 -0.500000000000000 -0.0648673793486939
0.543535012008891 -0.597337178761848 -0.500000000000000 -0.0334514528127960
0.562325688282412 -0.598816037056963 -0.500000000000000 -0.00203552627689801
0.581153544553123 -0.599703936219439 -0.500000000000000 0.0293804002589999
0.600000000000000 -0.600000000000000 -0.500000000000000 0.0607963267948979
0.618846455446877 -0.599703936219439 -0.500000000000000 0.0922122533307958
0.637674311717588 -0.598816037056963 -0.500000000000000 0.123628179866694
0.656464987991109 -0.597337178761848 -0.500000000000000 0.155044106402592
0.675199940138583 -0.595268820788687 -0.500000000000000 0.186460032938490
0.693860679024139 -0.592613004357083 -0.500000000000000 0.217875959474387
0.712428788751435 -0.589372350437213 -0.500000000000000 0.249291886010285
0.730885944837926 -0.585550057163249 -0.500000000000000 0.280707812546183
0.749213932298913 -0.581149896677179 -0.500000000000000 0.312123739082081
0.767394663623538 -0.576176211406166 -0.500000000000000 0.343539665617979
0.785410196624969 -0.570633909777092 -0.500000000000000 0.374955592153877
0.803242752147175 -0.564528461372535 -0.500000000000000 0.406371518689775
0.820874731610807 -0.557865891532951 -0.500000000000000 0.437787445225673
0.838288734380868 -0.550652775410389 -0.500000000000000 0.469203371761571
0.855467574939044 -0.542896231479612 -0.500000000000000 0.500619298297469
0.872394299843728 -0.534603914513021 -0.500000000000000 0.532035224833367
0.889052204461029 -0.525784008026318 -0.500000000000000 0.563451151369265
0.905424849450223 -0.516445216202366 -0.500000000000000 0.594867077905163
0.921496076987398 -0.506596755301209 -0.500000000000000 0.626283004441061
0.937250026711278 -0.496248344564737 -0.500000000000000 0.657698930976959
0.952671151375484 -0.485410196624968 -0.500000000000000 0.689114857512857
0.967744232191786 -0.474093007425414 -0.500000000000000 0.720530784048755
0.982454393849214 -0.462307945665474 -0.500000000000000 0.751946710584653
0.996787119194191 -0.450066641778276 -0.500000000000000 0.783362637120551
1.01072826355721 -0.437381176452847 -0.500000000000000 0.814778563656449
1.02426406871193 -0.424264068711929 -0.500000000000000 0.846194490192347
1.03738117645285 -0.410728263557213 -0.500000000000000 0.877610416728245
1.05006664177828 -0.396787119194191 -0.500000000000000 0.909026343264142
1.06230794566547 -0.382454393849214 -0.500000000000000 0.940442269800040
1.07409300742541 -0.367744232191786 -0.500000000000000 0.971858196335938
1.08541019662497 -0.352671151375484 -0.500000000000000 1.00327412287184
1.09624834456474 -0.337250026711278 -0.500000000000000 1.03469004940773
1.10659675530121 -0.321496076987398 -0.500000000000000 1.06610597594363
1.11644521620237 -0.305424849450223 -0.500000000000000 1.09752190247953
1.12578400802632 -0.289052204461029 -0.500000000000000 1.12893782901543
1.13460391451302 -0.272394299843728 -0.500000000000000 1.16035375555133
1.14289623147961 -0.255467574939044 -0.500000000000000 1.19176968208722
1.15065277541039 -0.238288734380868 -0.500000000000000 1.22318560862312
1.15786589153295 -0.220874731610807 -0.500000000000000 1.25460153515902
1.16452846137254 -0.203242752147175 -0.500000000000000 1.28601746169492
1.17063390977709 -0.185410196624968 -0.500000000000000 1.31743338823082
1.17617621140617 -0.167394663623537 -0.500000000000000 1.34884931476671
1.18114989667718 -0.149213932298913 -0.500000000000000 1.38026524130261
1.18555005716325 -0.130885944837925 -0.500000000000000 1.41168116783851
1.18937235043721 -0.112428788751435 -0.500000000000000 1.44309709437441
1.19261300435708 -0.0938606790241383 -0.500000000000000 1.47451302091031
1.19526882078869 -0.0751999401385825 -0.500000000000000 1.50592894744620
1.19733717876185 -0.0564649879911086 -0.500000000000000 1.53734487398210
1.19881603705696 -0.0376743117175879 -0.500000000000000 1.56876080051800
1.19970393621944 -0.0188464554468769 -0.500000000000000 1.60017672705390
1.20000000000000 0 -0.500000000000000 1.63159265358980
1.19970393621944 0.0188464554468771 -0.500000000000000 1.66300858012569
1.19881603705696 0.0376743117175880 -0.500000000000000 1.69442450666159
1.19733717876185 0.0564649879911087 -0.500000000000000 1.72584043319749
1.19526882078869 0.0751999401385826 -0.500000000000000 1.75725635973339
1.19261300435708 0.0938606790241387 -0.500000000000000 1.78867228626929
1.18937235043721 0.112428788751435 -0.500000000000000 1.82008821280518
1.18555005716325 0.130885944837926 -0.500000000000000 1.85150413934108
1.18114989667718 0.149213932298913 -0.500000000000000 1.88292006587698
1.17617621140617 0.167394663623538 -0.500000000000000 1.91433599241288
1.17063390977709 0.185410196624969 -0.500000000000000 1.94575191894878
1.16452846137254 0.203242752147175 -0.500000000000000 1.97716784548467
1.15786589153295 0.220874731610807 -0.500000000000000 2.00858377202057
1.15065277541039 0.238288734380868 -0.500000000000000 2.03999969855647
1.14289623147961 0.255467574939044 -0.500000000000000 2.07141562509237
1.13460391451302 0.272394299843728 -0.500000000000000 2.10283155162826
1.12578400802632 0.289052204461029 -0.500000000000000 2.13424747816416
1.11644521620237 0.305424849450223 -0.500000000000000 2.16566340470006
1.10659675530121 0.321496076987398 -0.500000000000000 2.19707933123596
1.09624834456474 0.337250026711278 -0.500000000000000 2.22849525777186
1.08541019662497 0.352671151375484 -0.500000000000000 2.25991118430775
1.07409300742541 0.367744232191786 -0.500000000000000 2.29132711084365
1.06230794566547 0.382454393849214 -0.500000000000000 2.32274303737955
1.05006664177828 0.396787119194191 -0.500000000000000 2.35415896391545
1.03738117645285 0.410728263557213 -0.500000000000000 2.38557489045134
1.02426406871193 0.424264068711929 -0.500000000000000 2.41699081698724
1.01072826355721 0.437381176452847 -0.500000000000000 2.44840674352314
0.996787119194191 0.450066641778276 -0.500000000000000 2.47982267005904
0.982454393849214 0.462307945665474 -0.500000000000000 2.51123859659494
0.967744232191786 0.474093007425414 -0.500000000000000 2.54265452313083
0.952671151375484 0.485410196624968 -0.500000000000000 2.57407044966673
0.937250026711278 0.496248344564737 -0.500000000000000 2.60548637620263
0.921496076987398 0.506596755301209 -0.500000000000000 2.63690230273853
0.905424849450223 0.516445216202366 -0.500000000000000 2.66831822927442
0.889052204461029 0.525784008026318 -0.500000000000000 2.69973415581032
0.872394299843728 0.534603914513021 -0.500000000000000 2.73115008234622
0.855467574939043 0.542896231479612 -0.500000000000000 2.76256600888212
0.838288734380868 0.550652775410389 -0.500000000000000 2.79398193541802
0.820874731610807 0.557865891532951 -0.500000000000000 2.82539786195391
0.803242752147175 0.564528461372535 -0.500000000000000 2.85681378848981
0.785410196624969 0.570633909777092 -0.500000000000000 2.88822971502571
0.767394663623537 0.576176211406166 -0.500000000000000 2.91964564156161
0.749213932298913 0.581149896677179 -0.500000000000000 2.95106156809750
0.730885944837926 0.585550057163249 -0.500000000000000 2.98247749463340
0.712428788751435 0.589372350437213 -0.500000000000000 3.01389342116930
0.693860679024139 0.592613004357083 -0.500000000000000 3.04530934770520
0.675199940138582 0.595268820788687 -0.500000000000000 3.07672527424110
0.656464987991108 0.597337178761848 -0.500000000000000 3.10814120077699
0.637674311717588 0.598816037056963 -0.500000000000000 3.13955712731289
0.618846455446877 0.599703936219439 -0.500000000000000 3.17097305384879
0.600000000000000 0.600000000000000 -0.500000000000000 3.20238898038469
0.581153544553123 0.599703936219439 -0.500000000000000 3.23380490692058
0.562325688282412 0.598816037056963 -0.500000000000000 3.26522083345648
0.543535012008891 0.597337178761848 -0.500000000000000 3.29663675999238
0.524800059861417 0.595268820788687 -0.500000000000000 3.32805268652828
0.506139320975862 0.592613004357083 -0.500000000000000 3.35946861306417
0.487571211248565 0.589372350437213 -0.500000000000000 3.39088453960007
0.469114055162074 0.585550057163248 -0.500000000000000 3.42230046613597
0.450786067701087 0.581149896677179 -0.500000000000000 3.45371639267187
0.432605336376463 0.576176211406166 -0.500000000000000 3.48513231920777
0.414589803375032 0.570633909777092 -0.500000000000000 3.51654824574366
0.396757247852825 0.564528461372535 -0.500000000000000 3.54796417227956
0.379125268389193 0.557865891532951 -0.500000000000000 3.57938009881546
0.361711265619132 0.550652775410389 -0.500000000000000 3.61079602535136
0.344532425060956 0.542896231479612 -0.500000000000000 3.64221195188725
0.327605700156272 0.534603914513021 -0.500000000000000 3.67362787842315
0.310947795538971 0.525784008026318 -0.500000000000000 3.70504380495905
0.294575150549777 0.516445216202366 -0.500000000000000 3.73645973149495
0.278503923012602 0.506596755301209 -0.500000000000000 3.76787565803085
0.262749973288722 0.496248344564737 -0.500000000000000 3.79929158456674
0.247328848624516 0.485410196624968 -0.500000000000000 3.83070751110264
0.232255767808214 0.474093007425414 -0.500000000000000 3.86212343763854
0.217545606150786 0.462307945665473 -0.500000000000000 3.89353936417444
0.203212880805809 0.450066641778276 -0.500000000000000 3.92495529071033
0.189271736442787 0.437381176452847 -0.500000000000000 3.95637121724623
0.175735931288071 0.424264068711928 -0.500000000000000 3.98778714378213
0.162618823547153 0.410728263557213 -0.500000000000000 4.01920307031803
0.149933358221724 0.396787119194191 -0.500000000000000 4.05061899685393
0.137692054334526 0.382454393849214 -0.500000000000000 4.08203492338982
0.125906992574586 0.367744232191786 -0.500000000000000 4.11345084992572
0.114589803375031 0.352671151375484 -0.500000000000000 4.14486677646162
0.103751655435263 0.337250026711278 -0.500000000000000 4.17628270299752
0.0934032446987909 0.321496076987398 -0.500000000000000 4.20769862953341
0.0835547837976337 0.305424849450223 -0.500000000000000 4.23911455606931
0.0742159919736819 0.289052204461029 -0.500000000000000 4.27053048260521
0.0653960854869792 0.272394299843728 -0.500000000000000 4.30194640914111
0.0571037685203882 0.255467574939043 -0.500000000000000 4.33336233567701
0.0493472245896113 0.238288734380868 -0.500000000000000 4.36477826221290
0.0421341084670491 0.220874731610807 -0.500000000000000 4.39619418874880
0.0354715386274648 0.203242752147175 -0.500000000000000 4.42761011528470
0.0293660902229077 0.185410196624968 -0.500000000000000 4.45902604182060
0.0238237885938341 0.167394663623537 -0.500000000000000 4.49044196835649
0.0188501033228213 0.149213932298913 -0.500000000000000 4.52185789489239
0.0144499428367515 0.130885944837925 -0.500000000000000 4.55327382142829
0.0106276495627867 0.112428788751435 -0.500000000000000 4.58468974796419
0.00738699564291723 0.0938606790241381 -0.500000000000000 4.61610567450009
0.00473117921131327 0.0751999401385823 -0.500000000000000 4.64752160103598
0.00266282123815198 0.0564649879911084 -0.500000000000000 4.67893752757188
0.00118396294303702 0.0376743117175880 -0.500000000000000 4.71035345410778
0.000296063780561018 0.0188464554468770 -0.500000000000000 4.74176938064368
0 0 -0.500000000000000 4.77318530717957
-0.000296063780561018 -0.0188464554468770 -0.500000000000000 4.74176938064368
-0.00118396294303702 -0.0376743117175880 -0.500000000000000 4.71035345410778
-0.00266282123815198 -0.0564649879911086 -0.500000000000000 4.67893752757188
-0.00473117921131327 -0.0751999401385826 -0.500000000000000 4.64752160103598
-0.00738699564291734 -0.0938606790241385 -0.500000000000000 4.61610567450009
-0.0106276495627867 -0.112428788751435 -0.500000000000000 4.58468974796419
-0.0144499428367515 -0.130885944837926 -0.500000000000000 4.55327382142829
-0.0188501033228213 -0.149213932298913 -0.500000000000000 4.52185789489239
-0.0238237885938342 -0.167394663623538 -0.500000000000000 4.49044196835649
-0.0293660902229079 -0.185410196624968 -0.500000000000000 4.45902604182060
-0.0354715386274648 -0.203242752147175 -0.500000000000000 4.42761011528470
-0.0421341084670492 -0.220874731610807 -0.500000000000000 4.39619418874880
-0.0493472245896113 -0.238288734380868 -0.500000000000000 4.36477826221290
-0.0571037685203883 -0.255467574939044 -0.500000000000000 4.33336233567701
-0.0653960854869793 -0.272394299843728 -0.500000000000000 4.30194640914111
-0.0742159919736819 -0.289052204461029 -0.500000000000000 4.27053048260521
-0.0835547837976338 -0.305424849450223 -0.500000000000000 4.23911455606931
-0.0934032446987909 -0.321496076987398 -0.500000000000000 4.20769862953341
-0.103751655435263 -0.337250026711278 -0.500000000000000 4.17628270299752
-0.114589803375032 -0.352671151375484 -0.500000000000000 4.14486677646162
-0.125906992574586 -0.367744232191786 -0.500000000000000 4.11345084992572
-0.137692054334527 -0.382454393849214 -0.500000000000000 4.08203492338982
-0.149933358221724 -0.396787119194191 -0.500000000000000 4.05061899685393
-0.162618823547153 -0.410728263557213 -0.500000000000000 4.01920307031803
-0.175735931288072 -0.424264068711929 -0.500000000000000 3.98778714378213
-0.189271736442787 -0.437381176452847 -0.500000000000000 3.95637121724623
-0.203212880805809 -0.450066641778276 -0.500000000000000 3.92495529071033
-0.217545606150786 -0.462307945665474 -0.500000000000000 3.89353936417444
-0.232255767808214 -0.474093007425414 -0.500000000000000 3.86212343763854
-0.247328848624516 -0.485410196624968 -0.500000000000000 3.83070751110264
-0.262749973288722 -0.496248344564737 -0.500000000000000 3.79929158456674
-0.278503923012602 -0.506596755301209 -0.500000000000000 3.76787565803085
-0.294575150549777 -0.516445216202366 -0.500000000000000 3.73645973149495
-0.310947795538971 -0.525784008026318 -0.500000000000000 3.70504380495905
-0.327605700156272 -0.534603914513021 -0.500000000000000 3.67362787842315
-0.344532425060956 -0.542896231479612 -0.500000000000000 3.64221195188726
-0.361711265619132 -0.550652775410389 -0.500000000000000 3.61079602535136
-0.379125268389193 -0.557865891532951 -0.500000000000000 3.57938009881546
-0.396757247852825 -0.564528461372535 -0.500000000000000 3.54796417227956
-0.414589803375032 -0.570633909777092 -0.500000000000000 3.51654824574366
-0.432605336376462 -0.576176211406166 -0.500000000000000 3.48513231920777
-0.450786067701087 -0.581149896677179 -0.500000000000000 3.45371639267187
-0.469114055162075 -0.585550057163249 -0.500000000000000 3.42230046613597
-0.487571211248565 -0.589372350437213 -0.500000000000000 3.39088453960007
-0.506139320975862 -0.592613004357083 -0.500000000000000 3.35946861306418
-0.524800059861417 -0.595268820788687 -0.500000000000000 3.32805268652828
-0.543535012008891 -0.597337178761848 -0.500000000000000 3.29663675999238
-0.562325688282412 -0.598816037056963 -0.500000000000000 3.26522083345648
-0.581153544553123 -0.599703936219439 -0.500000000000000 3.23380490692058
-0.600000000000000 -0.600000000000000 -0.500000000000000 3.20238898038469
-0.618846455446877 -0.599703936219439 -0.500000000000000 3.17097305384879
-0.637674311717588 -0.598816037056963 -0.500000000000000 3.13955712731289
-0.656464987991109 -0.597337178761848 -0.500000000000000 3.10814120077699
-0.675199940138583 -0.595268820788687 -0.500000000000000 3.07672527424110
-0.693860679024139 -0.592613004357083 -0.500000000000000 3.04530934770520
-0.712428788751435 -0.589372350437213 -0.500000000000000 3.01389342116930
-0.730885944837926 -0.585550057163249 -0.500000000000000 2.98247749463340
-0.749213932298913 -0.581149896677179 -0.500000000000000 2.95106156809750
-0.767394663623538 -0.576176211406166 -0.500000000000000 2.91964564156161
-0.785410196624969 -0.570633909777092 -0.500000000000000 2.88822971502571
-0.803242752147175 -0.564528461372535 -0.500000000000000 2.85681378848981
-0.820874731610807 -0.557865891532951 -0.500000000000000 2.82539786195391
-0.838288734380868 -0.550652775410389 -0.500000000000000 2.79398193541802
-0.855467574939044 -0.542896231479612 -0.500000000000000 2.76256600888212
-0.872394299843728 -0.534603914513021 -0.500000000000000 2.73115008234622
-0.889052204461029 -0.525784008026318 -0.500000000000000 2.69973415581032
-0.905424849450223 -0.516445216202366 -0.500000000000000 2.66831822927442
-0.921496076987398 -0.506596755301209 -0.500000000000000 2.63690230273853
-0.937250026711278 -0.496248344564737 -0.500000000000000 2.60548637620263
-0.952671151375484 -0.485410196624968 -0.500000000000000 2.57407044966673
-0.967744232191786 -0.474093007425414 -0.500000000000000 2.54265452313083
-0.982454393849214 -0.462307945665474 -0.500000000000000 2.51123859659494
-0.996787119194191 -0.450066641778276 -0.500000000000000 2.47982267005904
-1.01072826355721 -0.437381176452847 -0.500000000000000 2.44840674352314
-1.02426406871193 -0.424264068711929 -0.500000000000000 2.41699081698724
-1.03738117645285 -0.410728263557213 -0.500000000000000 2.38557489045134
-1.05006664177828 -0.396787119194191 -0.500000000000000 2.35415896391545
-1.06230794566547 -0.382454393849214 -0.500000000000000 2.32274303737955
-1.07409300742541 -0.367744232191786 -0.500000000000000 2.29132711084365
-1.08541019662497 -0.352671151375484 -0.500000000000000 2.25991118430775
-1.09624834456474 -0.337250026711278 -0.500000000000000 2.22849525777186
-1.10659675530121 -0.321496076987398 -0.500000000000000 2.19707933123596
-1.11644521620237 -0.305424849450223 -0.500000000000000 2.16566340470006
-1.12578400802632 -0.289052204461029 -0.500000000000000 2.13424747816416
-1.13460391451302 -0.272394299843728 -0.500000000000000 2.10283155162827
-1.14289623147961 -0.255467574939044 -0.500000000000000 2.07141562509237
-1.15065277541039 -0.238288734380868 -0.500000000000000 2.03999969855647
-1.15786589153295 -0.220874731610807 -0.500000000000000 2.00858377202057
-1.16452846137254 -0.203242752147175 -0.500000000000000 1.97716784548467
-1.17063390977709 -0.185410196624968 -0.500000000000000 1.94575191894878
-1.17617621140617 -0.167394663623537 -0.500000000000000 1.91433599241288
-1.18114989667718 -0.149213932298913 -0.500000000000000 1.88292006587698
-1.18555005716325 -0.130885944837925 -0.500000000000000 1.85150413934108
-1.18937235043721 -0.112428788751435 -0.500000000000000 1.82008821280518
-1.19261300435708 -0.0938606790241383 -0.500000000000000 1.78867228626929
-1.19526882078869 -0.0751999401385825 -0.500000000000000 1.75725635973339
-1.19733717876185 -0.0564649879911086 -0.500000000000000 1.72584043319749
-1.19881603705696 -0.0376743117175879 -0.500000000000000 1.69442450666159
-1.19970393621944 -0.0188464554468769 -0.500000000000000 1.66300858012569
-1.20000000000000 0 -0.500000000000000 1.63159265358980
-1.19970393621944 0.0188464554468771 -0.500000000000000 1.60017672705390
-1.19881603705696 0.0376743117175880 -0.500000000000000 1.56876080051800
-1.19733717876185 0.0564649879911087 -0.500000000000000 1.53734487398210
-1.19526882078869 0.0751999401385826 -0.500000000000000 1.50592894744620
-1.19261300435708 0.0938606790241387 -0.500000000000000 1.47451302091031
-1.18937235043721 0.112428788751435 -0.500000000000000 1.44309709437441
-1.18555005716325 0.130885944837926 -0.500000000000000 1.41168116783851
-1.18114989667718 0.149213932298913 -0.500000000000000 1.38026524130261
-1.17617621140617 0.167394663623538 -0.500000000000000 1.34884931476671
-1.17063390977709 0.185410196624969 -0.500000000000000 1.31743338823082
-1.16452846137254 0.203242752147175 -0.500000000000000 1.28601746169492
-1.15786589153295 0.220874731610807 -0.500000000000000 1.25460153515902
-1.15065277541039 0.238288734380868 -0.500000000000000 1.22318560862312
-1.14289623147961 0.255467574939044 -0.500000000000000 1.19176968208722
-1.13460391451302 0.272394299843728 -0.500000000000000 1.16035375555133
-1.12578400802632 0.289052204461029 -0.500000000000000 1.12893782901543
-1.11644521620237 0.305424849450223 -0.500000000000000 1.09752190247953
-1.10659675530121 0.321496076987398 -0.500000000000000 1.06610597594363
-1.09624834456474 0.337250026711278 -0.500000000000000 1.03469004940773
-1.08541019662497 0.352671151375484 -0.500000000000000 1.00327412287184
-1.07409300742541 0.367744232191786 -0.500000000000000 0.971858196335939
-1.06230794566547 0.382454393849214 -0.500000000000000 0.940442269800041
-1.05006664177828 0.396787119194191 -0.500000000000000 0.909026343264143
-1.03738117645285 0.410728263557213 -0.500000000000000 0.877610416728245
-1.02426406871193 0.424264068711929 -0.500000000000000 0.846194490192347
-1.01072826355721 0.437381176452847 -0.500000000000000 0.814778563656449
-0.996787119194191 0.450066641778276 -0.500000000000000 0.783362637120551
-0.982454393849214 0.462307945665474 -0.500000000000000 0.751946710584653
-0.967744232191786 0.474093007425414 -0.500000000000000 0.720530784048755
-0.952671151375484 0.485410196624968 -0.500000000000000 0.689114857512857
-0.937250026711278 0.496248344564737 -0.500000000000000 0.657698930976959
-0.921496076987398 0.506596755301209 -0.500000000000000 0.626283004441061
-0.905424849450223 0.516445216202366 -0.500000000000000 0.594867077905163
-0.889052204461029 0.525784008026318 -0.500000000000000 0.563451151369265
-0.872394299843728 0.534603914513021 -0.500000000000000 0.532035224833367
-0.855467574939043 0.542896231479612 -0.500000000000000 0.500619298297469
-0.838288734380868 0.550652775410389 -0.500000000000000 0.469203371761571
-0.820874731610807 0.557865891532951 -0.500000000000000 0.437787445225673
-0.803242752147175 0.564528461372535 -0.500000000000000 0.406371518689775
-0.785410196624969 0.570633909777092 -0.500000000000000 0.374955592153877
-0.767394663623537 0.576176211406166 -0.500000000000000 0.343539665617979
-0.749213932298913 0.581149896677179 -0.500000000000000 0.312123739082081
-0.730885944837926 0.585550057163249 -0.500000000000000 0.280707812546183
-0.712428788751435 0.589372350437213 -0.500000000000000 0.249291886010286
-0.693860679024139 0.592613004357083 -0.500000000000000 0.217875959474388
-0.675199940138582 0.595268820788687 -0.500000000000000 0.186460032938490
-0.656464987991108 0.597337178761848 -0.500000000000000 0.155044106402592
-0.637674311717588 0.598816037056963 -0.500000000000000 0.123628179866694
-0.618846455446877 0.599703936219439 -0.500000000000000 0.0922122533307959
-0.600000000000000 0.600000000000000 -0.500000000000000 0.0607963267948980
-0.581153544553123 0.599703936219439 -0.500000000000000 0.0293804002590000
-0.562325688282412 0.598816037056963 -0.500000000000000 -0.00203552627689792
-0.543535012008891 0.597337178761848 -0.500000000000000 -0.0334514528127959
-0.524800059861417 0.595268820788687 -0.500000000000000 -0.0648673793486938
-0.506139320975862 0.592613004357083 -0.500000000000000 -0.0962833058845917
-0.487571211248565 0.589372350437213 -0.500000000000000 -0.127699232420490
-0.469114055162074 0.585550057163248 -0.500000000000000 -0.159115158956388
-0.450786067701087 0.581149896677179 -0.500000000000000 -0.190531085492285
-0.432605336376463 0.576176211406166 -0.500000000000000 -0.221947012028183
-0.414589803375032 0.570633909777092 -0.500000000000000 -0.253362938564081
-0.396757247852825 0.564528461372535 -0.500000000000000 -0.284778865099979
-0.379125268389193 0.557865891532951 -0.500000000000000 -0.316194791635877
-0.361711265619132 0.550652775410389 -0.500000000000000 -0.347610718171775
-0.344532425060956 0.542896231479612 -0.500000000000000 -0.379026644707673
-0.327605700156272 0.534603914513021 -0.500000000000000 -0.410442571243571
-0.310947795538971 0.525784008026318 -0.500000000000000 -0.441858497779469
-0.294575150549777 0.516445216202366 -0.500000000000000 -0.473274424315367
-0.278503923012602 0.506596755301209 -0.500000000000000 -0.504690350851265
-0.262749973288722 0.496248344564737 -0.500000000000000 -0.536106277387163
-0.247328848624516 0.485410196624968 -0.500000000000000 -0.567522203923061
-0.232255767808214 0.474093007425414 -0.500000000000000 -0.598938130458959
-0.217545606150786 0.462307945665473 -0.500000000000000 -0.630354056994857
-0.203212880805809 0.450066641778276 -0.500000000000000 -0.661769983530755
-0.189271736442787 0.437381176452847 -0.500000000000000 -0.693185910066653
-0.175735931288071 0.424264068711928 -0.500000000000000 -0.724601836602551
-0.162618823547153 0.410728263557213 -0.500000000000000 -0.756017763138449
-0.149933358221724 0.396787119194191 -0.500000000000000 -0.787433689674347
-0.137692054334526 0.382454393849214 -0.500000000000000 -0.818849616210244
-0.125906992574586 0.367744232191786 -0.500000000000000 -0.850265542746142
-0.114589803375031 0.352671151375484 -0.500000000000000 -0.881681469282040
-0.103751655435263 0.337250026711278 -0.500000000000000 -0.913097395817938
-0.0934032446987909 0.321496076987398 -0.500000000000000 -0.944513322353836
-0.0835547837976337 0.305424849450223 -0.500000000000000 -0.975929248889734
-0.0742159919736819 0.289052204461029 -0.500000000000000 -1.00734517542563
-0.0653960854869792 0.272394299843728 -0.500000000000000 -1.03876110196153
-0.0571037685203882 0.255467574939043 -0.500000000000000 -1.07017702849743
-0.0493472245896113 0.238288734380868 -0.500000000000000 -1.10159295503333
-0.0421341084670491 0.220874731610807 -0.500000000000000 -1.13300888156922
-0.0354715386274648 0.203242752147175 -0.500000000000000 -1.16442480810512
-0.0293660902229077 0.185410196624968 -0.500000000000000 -1.19584073464102
-0.0238237885938341 0.167394663623537 -0.500000000000000 -1.22725666117692
-0.0188501033228213 0.149213932298913 -0.500000000000000 -1.25867258771282
-0.0144499428367515 0.130885944837925 -0.500000000000000 -1.29008851424871
-0.0106276495627867 0.112428788751435 -0.500000000000000 -1.32150444078461
-0.00738699564291723 0.0938606790241381 -0.500000000000000 -1.35292036732051
-0.00473117921131327 0.0751999401385823 -0.500000000000000 -1.38433629385641
-0.00266282123815198 0.0564649879911084 -0.500000000000000 -1.41575222039231
-0.00118396294303702 0.0376743117175880 -0.500000000000000 -1.44716814692820
-0.000296063780561018 0.0188464554468770 -0.500000000000000 -1.47858407346410
0 0 -0.500000000000000 -1.51000000000000
