0.0293660902229080 -0.185410196624968 -0.500000000000000 -1.19584073464102
0.114589803375032 -0.352671151375484 -0.500000000000000 -0.881681469282041
0.247328848624516 -0.485410196624968 -0.500000000000000 -0.567522203923062
0.414589803375032 -0.570633909777092 -0.500000000000000 -0.253362938564083
0.600000000000000 -0.600000000000000 -0.500000000000000 0.0607963267948966
0.785410196624968 -0.570633909777092 -0.500000000000000 0.374955592153876
0.952671151375484 -0.485410196624968 -0.500000000000000 0.689114857512855
1.08541019662497 -0.352671151375484 -0.500000000000000 1.00327412287183
1.17063390977709 -0.185410196624969 -0.500000000000000 1.31743338823081
1.20000000000000 0 -0.500000000000000 1.63159265358979
1.17063390977709 0.185410196624968 -0.500000000000000 1.94575191894877
1.08541019662497 0.352671151375484 -0.500000000000000 2.25991118430775
0.952671151375484 0.485410196624968 -0.500000000000000 2.57407044966673
0.785410196624969 0.570633909777092 -0.500000000000000 2.88822971502571
0.600000000000000 0.600000000000000 -0.500000000000000 3.20238898038469
0.414589803375032 0.570633909777092 -0.500000000000000 3.51654824574367
0.247328848624516 0.485410196624969 -0.500000000000000 3.83070751110265
0.114589803375032 0.352671151375484 -0.500000000000000 4.14486677646163
0.0293660902229079 0.185410196624969 -0.500000000000000 4.45902604182061
0 0 -0.500000000000000 4.77318530717959
-0.0293660902229079 -0.185410196624968 -0.500000000000000 4.45902604182061
-0.114589803375032 -0.352671151375484 -0.500000000000000 4.14486677646163
-0.247328848624516 -0.485410196624968 -0.500000000000000 3.83070751110265
-0.414589803375032 -0.570633909777092 -0.500000000000000 3.51654824574367
-0.600000000000000 -0.600000000000000 -0.500000000000000 3.20238898038469
-0.785410196624968 -0.570633909777092 -0.500000000000000 2.88822971502571
-0.952671151375484 -0.485410196624968 -0.500000000000000 2.57407044966673
-1.08541019662497 -0.352671151375484 -0.500000000000000 2.25991118430775
-1.17063390977709 -0.185410196624969 -0.500000000000000 1.94575191894877
-1.20000000000000 0 -0.500000000000000 1.63159265358979
-1.17063390977709 0.185410196624968 -0.500000000000000 1.31743338823081
-1.08541019662497 0.352671151375484 -0.500000000000000 1.00327412287183
-0.952671151375484 0.485410196624968 -0.500000000000000 0.689114857512855
-0.785410196624969 0.570633909777092 -0.500000000000000 0.374955592153876
-0.600000000000000 0.600000000000000 -0.500000000000000 0.0607963267948968
-0.414589803375032 0.570633909777092 -0.500000000000000 -0.253362938564083
-0.247328848624516 0.485410196624969 -0.500000000000000 -0.567522203923062
-0.114589803375032 0.352671151375484 -0.500000000000000 -0.881681469282041
-0.0293660902229079 0.185410196624969 -0.500000000000000 -1.19584073464102
0 0 -0.500000000000000 -1.51000000000000
0.0293660902229079 -0.185410196624968 -0.500000000000000 -1.51000000000000
0.114589803375032 -0.352671151375484 -0.500000000000000 -1.51000000000000
0.247328848624516 -0.485410196624968 -0.500000000000000 -1.51000000000000
0.414589803375032 -0.570633909777092 -0.500000000000000 -1.51000000000000
0.600000000000000 -0.600000000000000 -0.500000000000000 -1.51000000000000
0.785410196624968 -0.570633909777092 -0.500000000000000 -1.51000000000000
0.952671151375484 -0.485410196624968 -0.500000000000000 -1.51000000000000
1.08541019662497 -0.352671151375484 -0.500000000000000 -1.51000000000000
1.17063390977709 -0.185410196624969 -0.500000000000000 -1.51000000000000
1.20000000000000 0 -0.500000000000000 -1.51000000000000
1.17063390977709 0.185410196624968 -0.500000000000000 -1.51000000000000
1.08541019662497 0.352671151375484 -0.500000000000000 -1.51000000000000
0.952671151375484 0.485410196624968 -0.500000000000000 -1.51000000000000
0.785410196624969 0.570633909777092 -0.500000000000000 -1.51000000000000
0.600000000000000 0.600000000000000 -0.500000000000000 -1.51000000000000
0.414589803375032 0.570633909777092 -0.500000000000000 -1.51000000000000
0.247328848624516 0.485410196624969 -0.500000000000000 -1.51000000000000
0.114589803375032 0.352671151375484 -0.500000000000000 -1.51000000000000
0.0293660902229079 0.185410196624969 -0.500000000000000 -1.51000000000000
0 0 -0.500000000000000 -1.51000000000000
-0.0293660902229079 -0.185410196624968 -0.500000000000000 -1.51000000000000
-0.114589803375032 -0.352671151375484 -0.500000000000000 -1.51000000000000
-0.247328848624516 -0.485410196624968 -0.500000000000000 -1.51000000000000
-0.414589803375032 -0.570633909777092 -0.500000000000000 -1.51000000000000
-0.600000000000000 -0.600000000000000 -0.500000000000000 -1.51000000000000
-0.785410196624968 -0.570633909777092 -0.500000000000000 -1.51000000000000
-0.952671151375484 -0.485410196624968 -0.500000000000000 -1.51000000000000
-1.08541019662497 -0.352671151375484 -0.500000000000000 -1.51000000000000
-1.17063390977709 -0.185410196624969 -0.500000000000000 -1.51000000000000
-1.20000000000000 0 -0.500000000000000 -1.51000000000000
-1.17063390977709 0.185410196624968 -0.500000000000000 -1.51000000000000
-1.08541019662497 0.352671151375484 -0.500000000000000 -1.51000000000000
-0.952671151375484 0.485410196624968 -0.500000000000000 -1.51000000000000
-0.785410196624969 0.570633909777092 -0.500000000000000 -1.51000000000000
-0.600000000000000 0.600000000000000 -0.500000000000000 -1.51000000000000
-0.414589803375032 0.570633909777092 -0.500000000000000 -1.51000000000000
-0.247328848624516 0.485410196624969 -0.500000000000000 -1.51000000000000
-0.114589803375032 0.352671151375484 -0.500000000000000 -1.51000000000000
-0.0293660902229079 0.185410196624969 -0.500000000000000 -1.51000000000000
0 0 -0.500000000000000 -1.51000000000000
