0.0195773934819386 -0.123606797749979 -0.500000000000000 -1.19584073464102
0.0763932022500210 -0.235114100916989 -0.500000000000000 -0.881681469282041
0.164885899083011 -0.323606797749979 -0.500000000000000 -0.567522203923062
0.276393202250021 -0.380422606518061 -0.500000000000000 -0.253362938564083
0.400000000000000 -0.400000000000000 -0.500000000000000 0.0607963267948966
0.523606797749979 -0.380422606518062 -0.500000000000000 0.374955592153876
0.635114100916989 -0.323606797749979 -0.500000000000000 0.689114857512855
0.723606797749979 -0.235114100916989 -0.500000000000000 1.00327412287183
0.780422606518062 -0.123606797749979 -0.500000000000000 1.31743338823081
0.800000000000000 0 -0.500000000000000 1.63159265358979
0.780422606518062 0.123606797749979 -0.500000000000000 1.94575191894877
0.723606797749979 0.235114100916989 -0.500000000000000 2.25991118430775
0.635114100916989 0.323606797749979 -0.500000000000000 2.57407044966673
0.523606797749979 0.380422606518061 -0.500000000000000 2.88822971502571
0.400000000000000 0.400000000000000 -0.500000000000000 3.20238898038469
0.276393202250021 0.380422606518062 -0.500000000000000 3.51654824574367
0.164885899083011 0.323606797749979 -0.500000000000000 3.83070751110265
0.0763932022500211 0.235114100916989 -0.500000000000000 4.14486677646163
0.0195773934819386 0.123606797749979 -0.500000000000000 4.45902604182061
0 0 -0.500000000000000 4.77318530717959
-0.0195773934819386 -0.123606797749979 -0.500000000000000 4.45902604182061
-0.0763932022500210 -0.235114100916989 -0.500000000000000 4.14486677646163
-0.164885899083011 -0.323606797749979 -0.500000000000000 3.83070751110265
-0.276393202250021 -0.380422606518061 -0.500000000000000 3.51654824574367
-0.400000000000000 -0.400000000000000 -0.500000000000000 3.20238898038469
-0.523606797749979 -0.380422606518062 -0.500000000000000 2.88822971502571
-0.635114100916989 -0.323606797749979 -0.500000000000000 2.57407044966673
-0.723606797749979 -0.235114100916989 -0.500000000000000 2.25991118430775
-0.780422606518062 -0.123606797749979 -0.500000000000000 1.94575191894877
-0.800000000000000 0 -0.500000000000000 1.63159265358979
-0.780422606518062 0.123606797749979 -0.500000000000000 1.31743338823081
-0.723606797749979 0.235114100916989 -0.500000000000000 1.00327412287183
-0.635114100916989 0.323606797749979 -0.500000000000000 0.689114857512855
-0.523606797749979 0.380422606518061 -0.500000000000000 0.374955592153876
-0.400000000000000 0.400000000000000 -0.500000000000000 0.0607963267948968
-0.276393202250021 0.380422606518062 -0.500000000000000 -0.253362938564083
-0.164885899083011 0.323606797749979 -0.500000000000000 -0.567522203923062
-0.0763932022500211 0.235114100916989 -0.500000000000000 -0.881681469282041
-0.0195773934819386 0.123606797749979 -0.500000000000000 -1.19584073464102
0 0 -0.500000000000000 -1.51000000000000
0.0195773934819386 -0.123606797749979 -0.500000000000000 -1.19584073464102
0.0763932022500210 -0.235114100916989 -0.500000000000000 -0.881681469282041
0.164885899083011 -0.323606797749979 -0.500000000000000 -0.567522203923062
0.276393202250021 -0.380422606518061 -0.500000000000000 -0.253362938564083
0.400000000000000 -0.400000000000000 -0.500000000000000 0.0607963267948966
0.523606797749979 -0.380422606518062 -0.500000000000000 0.374955592153876
0.635114100916989 -0.323606797749979 -0.500000000000000 0.689114857512855
0.723606797749979 -0.235114100916989 -0.500000000000000 1.00327412287183
0.780422606518062 -0.123606797749979 -0.500000000000000 1.31743338823081
0.800000000000000 0 -0.500000000000000 1.63159265358979
0.780422606518062 0.123606797749979 -0.500000000000000 1.94575191894877
0.723606797749979 0.235114100916989 -0.500000000000000 2.25991118430775
0.635114100916989 0.323606797749979 -0.500000000000000 2.57407044966673
0.523606797749979 0.380422606518061 -0.500000000000000 2.88822971502571
0.400000000000000 0.400000000000000 -0.500000000000000 3.20238898038469
0.276393202250021 0.380422606518062 -0.500000000000000 3.51654824574367
0.164885899083011 0.323606797749979 -0.500000000000000 3.83070751110265
0.0763932022500211 0.235114100916989 -0.500000000000000 4.14486677646163
0.0195773934819386 0.123606797749979 -0.500000000000000 4.45902604182061
0 0 -0.500000000000000 4.77318530717959
-0.0195773934819386 -0.123606797749979 -0.500000000000000 4.45902604182061
-0.0763932022500210 -0.235114100916989 -0.500000000000000 4.14486677646163
-0.164885899083011 -0.323606797749979 -0.500000000000000 3.83070751110265
-0.276393202250021 -0.380422606518061 -0.500000000000000 3.51654824574367
-0.400000000000000 -0.400000000000000 -0.500000000000000 3.20238898038469
-0.523606797749979 -0.380422606518062 -0.500000000000000 2.88822971502571
-0.635114100916989 -0.323606797749979 -0.500000000000000 2.57407044966673
-0.723606797749979 -0.235114100916989 -0.500000000000000 2.25991118430775
-0.780422606518062 -0.123606797749979 -0.500000000000000 1.94575191894877
-0.800000000000000 0 -0.500000000000000 1.63159265358979
-0.780422606518062 0.123606797749979 -0.500000000000000 1.31743338823081
-0.723606797749979 0.235114100916989 -0.500000000000000 1.00327412287183
-0.635114100916989 0.323606797749979 -0.500000000000000 0.689114857512855
-0.523606797749979 0.380422606518061 -0.500000000000000 0.374955592153876
-0.400000000000000 0.400000000000000 -0.500000000000000 0.0607963267948968
-0.276393202250021 0.380422606518062 -0.500000000000000 -0.253362938564083
-0.164885899083011 0.323606797749979 -0.500000000000000 -0.567522203923062
-0.0763932022500211 0.235114100916989 -0.500000000000000 -0.881681469282041
-0.0195773934819386 0.123606797749979 -0.500000000000000 -1.19584073464102
0 0 -0.500000000000000 -1.51000000000000
