0.000296063780561018 -0.0188464554468770 -0.500000000000000 -1.47858407346410 0
0.00118396294303702 -0.0376743117175880 -0.500000000000000 -1.44716814692820 0.0757771092323166
0.00266282123815198 -0.0564649879911086 -0.500000000000000 -1.41575222039231 0.151554218464633
0.00473117921131327 -0.0751999401385826 -0.500000000000000 -1.38433629385641 0.227331327696950
0.00738699564291734 -0.0938606790241385 -0.500000000000000 -1.35292036732051 0.303108436929267
0.0106276495627867 -0.112428788751435 -0.500000000000000 -1.32150444078461 0.378885546161583
0.0144499428367515 -0.130885944837926 -0.500000000000000 -1.29008851424871 0.454662655393900
0.0188501033228213 -0.149213932298913 -0.500000000000000 -1.25867258771282 0.530439764626216
0.0238237885938342 -0.167394663623538 -0.500000000000000 -1.22725666117692 0.606216873858533
0.0293660902229079 -0.185410196624968 -0.500000000000000 -1.19584073464102 0.681993983090850
0.0354715386274648 -0.203242752147175 -0.500000000000000 -1.16442480810512 0.757771092323166
0.0421341084670492 -0.220874731610807 -0.500000000000000 -1.13300888156922 0.833548201555483
0.0493472245896113 -0.238288734380868 -0.500000000000000 -1.10159295503333 0.909325310787799
0.0571037685203883 -0.255467574939044 -0.500000000000000 -1.07017702849743 0.985102420020116
0.0653960854869793 -0.272394299843728 -0.500000000000000 -1.03876110196153 1.06087952925243
0.0742159919736819 -0.289052204461029 -0.500000000000000 -1.00734517542563 1.13665663848475
0.0835547837976338 -0.305424849450223 -0.500000000000000 -0.975929248889734 1.21243374771707
0.0934032446987909 -0.321496076987398 -0.500000000000000 -0.944513322353836 1.28821085694938
0.103751655435263 -0.337250026711278 -0.500000000000000 -0.913097395817939 1.36398796618170
0.114589803375032 -0.352671151375484 -0.500000000000000 -0.881681469282041 1.43976507541402
0.125906992574586 -0.367744232191786 -0.500000000000000 -0.850265542746143 1.51554218464633
0.137692054334527 -0.382454393849214 -0.500000000000000 -0.818849616210245 1.59131929387865
0.149933358221724 -0.396787119194191 -0.500000000000000 -0.787433689674347 1.66709640311097
0.162618823547153 -0.410728263557213 -0.500000000000000 -0.756017763138449 1.74287351234328
0.175735931288072 -0.424264068711929 -0.500000000000000 -0.724601836602551 1.81865062157560
0.189271736442787 -0.437381176452847 -0.500000000000000 -0.693185910066653 1.89442773080791
0.203212880805809 -0.450066641778276 -0.500000000000000 -0.661769983530755 1.97020484004023
0.217545606150786 -0.462307945665474 -0.500000000000000 -0.630354056994857 2.04598194927255
0.232255767808214 -0.474093007425414 -0.500000000000000 -0.598938130458959 2.12175905850486
0.247328848624516 -0.485410196624968 -0.500000000000000 -0.567522203923061 2.19753616773718
0.262749973288722 -0.496248344564737 -0.500000000000000 -0.536106277387163 2.27331327696950
0.278503923012602 -0.506596755301209 -0.500000000000000 -0.504690350851265 2.34909038620181
0.294575150549777 -0.516445216202366 -0.500000000000000 -0.473274424315367 2.42486749543413
0.310947795538971 -0.525784008026318 -0.500000000000000 -0.441858497779469 2.50064460466645
0.327605700156272 -0.534603914513021 -0.500000000000000 -0.410442571243571 2.57642171389876
0.344532425060956 -0.542896231479612 -0.500000000000000 -0.379026644707673 2.65219882313108
0.361711265619132 -0.550652775410389 -0.500000000000000 -0.347610718171775 2.72797593236340
0.379125268389193 -0.557865891532951 -0.500000000000000 -0.316194791635877 2.80375304159571
0.396757247852825 -0.564528461372535 -0.500000000000000 -0.284778865099979 2.87953015082803
0.414589803375032 -0.570633909777092 -0.500000000000000 -0.253362938564081 2.95530726006035
0.432605336376462 -0.576176211406166 -0.500000000000000 -0.221947012028184 3.03108436929266
0.450786067701087 -0.581149896677179 -0.500000000000000 -0.190531085492286 3.10686147852498
0.469114055162075 -0.585550057163249 -0.500000000000000 -0.159115158956388 3.18263858775730
0.487571211248565 -0.589372350437213 -0.500000000000000 -0.127699232420490 3.25841569698961
0.506139320975862 -0.592613004357083 -0.500000000000000 -0.0962833058845918 3.33419280622193
0.524800059861417 -0.595268820788687 -0.500000000000000 -0.0648673793486939 3.40996991545424
0.543535012008891 -0.597337178761848 -0.500000000000000 -0.0334514528127960 3.48574702468656
0.562325688282412 -0.598816037056963 -0.500000000000000 -0.00203552627689801 3.56152413391888
0.581153544553123 -0.599703936219439 -0.500000000000000 0.0293804002589999 3.63730124315119
0.600000000000000 -0.600000000000000 -0.500000000000000 0.0607963267948979 3.71307835238351
0.618846455446877 -0.599703936219439 -0.500000000000000 0.0922122533307958 3.78885546161583
0.637674311717588 -0.598816037056963 -0.500000000000000 0.123628179866694 3.86463257084814
0.656464987991109 -0.597337178761848 -0.500000000000000 0.155044106402592 3.94040968008046
0.675199940138583 -0.595268820788687 -0.500000000000000 0.186460032938490 4.01618678931278
0.693860679024139 -0.592613004357083 -0.500000000000000 0.217875959474387 4.09196389854509
0.712428788751435 -0.589372350437213 -0.500000000000000 0.249291886010285 4.16774100777741
0.730885944837926 -0.585550057163249 -0.500000000000000 0.280707812546183 4.24351811700973
0.749213932298913 -0.581149896677179 -0.500000000000000 0.312123739082081 4.31929522624205
0.767394663623538 -0.576176211406166 -0.500000000000000 0.343539665617979 4.39507233547436
0.785410196624969 -0.570633909777092 -0.500000000000000 0.374955592153877 4.47084944470668
0.803242752147175 -0.564528461372535 -0.500000000000000 0.406371518689775 4.54662655393900
0.820874731610807 -0.557865891532951 -0.500000000000000 0.437787445225673 4.62240366317131
0.838288734380868 -0.550652775410389 -0.500000000000000 0.469203371761571 4.69818077240363
0.855467574939044 -0.542896231479612 -0.500000000000000 0.500619298297469 4.77395788163595
0.872394299843728 -0.534603914513021 -0.500000000000000 0.532035224833367 4.84973499086826
0.889052204461029 -0.525784008026318 -0.500000000000000 0.563451151369265 4.92551210010058
0.905424849450223 -0.516445216202366 -0.500000000000000 0.594867077905163 5.00128920933290
0.921496076987398 -0.506596755301209 -0.500000000000000 0.626283004441061 5.07706631856521
0.937250026711278 -0.496248344564737 -0.500000000000000 0.657698930976959 5.15284342779753
0.952671151375484 -0.485410196624968 -0.500000000000000 0.689114857512857 5.22862053702985
0.967744232191786 -0.474093007425414 -0.500000000000000 0.720530784048755 5.30439764626217
0.982454393849214 -0.462307945665474 -0.500000000000000 0.751946710584653 5.38017475549448
0.996787119194191 -0.450066641778276 -0.500000000000000 0.783362637120551 5.45595186472680
1.01072826355721 -0.437381176452847 -0.500000000000000 0.814778563656449 5.53172897395912
1.02426406871193 -0.424264068711929 -0.500000000000000 0.846194490192347 5.60750608319143
1.03738117645285 -0.410728263557213 -0.500000000000000 0.877610416728245 5.68328319242375
1.05006664177828 -0.396787119194191 -0.500000000000000 0.909026343264142 5.75906030165607
1.06230794566547 -0.382454393849214 -0.500000000000000 0.940442269800040 5.83483741088838
1.07409300742541 -0.367744232191786 -0.500000000000000 0.971858196335938 5.91061452012070
1.08541019662497 -0.352671151375484 -0.500000000000000 1.00327412287184 5.98639162935302
1.09624834456474 -0.337250026711278 -0.500000000000000 1.03469004940773 6.06216873858534
1.10659675530121 -0.321496076987398 -0.500000000000000 1.06610597594363 6.13794584781765
1.11644521620237 -0.305424849450223 -0.500000000000000 1.09752190247953 6.21372295704997
1.12578400802632 -0.289052204461029 -0.500000000000000 1.12893782901543 6.28950006628229
1.13460391451302 -0.272394299843728 -0.500000000000000 1.16035375555133 6.36527717551460
1.14289623147961 -0.255467574939044 -0.500000000000000 1.19176968208722 6.44105428474692
1.15065277541039 -0.238288734380868 -0.500000000000000 1.22318560862312 6.51683139397924
1.15786589153295 -0.220874731610807 -0.500000000000000 1.25460153515902 6.59260850321155
1.16452846137254 -0.203242752147175 -0.500000000000000 1.28601746169492 6.66838561244387
1.17063390977709 -0.185410196624968 -0.500000000000000 1.31743338823082 6.74416272167619
1.17617621140617 -0.167394663623537 -0.500000000000000 1.34884931476671 6.81993983090850
1.18114989667718 -0.149213932298913 -0.500000000000000 1.38026524130261 6.89571694014082
1.18555005716325 -0.130885944837925 -0.500000000000000 1.41168116783851 6.97149404937314
1.18937235043721 -0.112428788751435 -0.500000000000000 1.44309709437441 7.04727115860546
1.19261300435708 -0.0938606790241383 -0.500000000000000 1.47451302091031 7.12304826783777
1.19526882078869 -0.0751999401385825 -0.500000000000000 1.50592894744620 7.19882537707009
1.19733717876185 -0.0564649879911086 -0.500000000000000 1.53734487398210 7.27460248630241
1.19881603705696 -0.0376743117175879 -0.500000000000000 1.56876080051800 7.35037959553472
1.19970393621944 -0.0188464554468769 -0.500000000000000 1.60017672705390 7.42615670476704
1.20000000000000 0 -0.500000000000000 1.63159265358980 7.50193381399936
1.19970393621944 0.0188464554468771 -0.500000000000000 1.66300858012569 7.57771092323167
1.19881603705696 0.0376743117175880 -0.500000000000000 1.69442450666159 7.65348803246399
1.19733717876185 0.0564649879911087 -0.500000000000000 1.72584043319749 7.72926514169631
1.19526882078869 0.0751999401385826 -0.500000000000000 1.75725635973339 7.80504225092863
1.19261300435708 0.0938606790241387 -0.500000000000000 1.78867228626929 7.88081936016094
1.18937235043721 0.112428788751435 -0.500000000000000 1.82008821280518 7.95659646939326
1.18555005716325 0.130885944837926 -0.500000000000000 1.85150413934108 8.03237357862558
1.18114989667718 0.149213932298913 -0.500000000000000 1.88292006587698 8.10815068785789
1.17617621140617 0.167394663623538 -0.500000000000000 1.91433599241288 8.18392779709021
1.17063390977709 0.185410196624969 -0.500000000000000 1.94575191894878 8.25970490632252
1.16452846137254 0.203242752147175 -0.500000000000000 1.97716784548467 8.33548201555484
1.15786589153295 0.220874731610807 -0.500000000000000 2.00858377202057 8.41125912478716
1.15065277541039 0.238288734380868 -0.500000000000000 2.03999969855647 8.48703623401947
1.14289623147961 0.255467574939044 -0.500000000000000 2.07141562509237 8.56281334325179
1.13460391451302 0.272394299843728 -0.500000000000000 2.10283155162826 8.63859045248410
1.12578400802632 0.289052204461029 -0.500000000000000 2.13424747816416 8.71436756171642
1.11644521620237 0.305424849450223 -0.500000000000000 2.16566340470006 8.79014467094874
1.10659675530121 0.321496076987398 -0.500000000000000 2.19707933123596 8.86592178018105
1.09624834456474 0.337250026711278 -0.500000000000000 2.22849525777186 8.94169888941337
1.08541019662497 0.352671151375484 -0.500000000000000 2.25991118430775 9.01747599864568
1.07409300742541 0.367744232191786 -0.500000000000000 2.29132711084365 9.09325310787800
1.06230794566547 0.382454393849214 -0.500000000000000 2.32274303737955 9.16903021711032
1.05006664177828 0.396787119194191 -0.500000000000000 2.35415896391545 9.24480732634263
1.03738117645285 0.410728263557213 -0.500000000000000 2.38557489045134 9.32058443557495
1.02426406871193 0.424264068711929 -0.500000000000000 2.41699081698724 9.39636154480727
1.01072826355721 0.437381176452847 -0.500000000000000 2.44840674352314 9.47213865403958
0.996787119194191 0.450066641778276 -0.500000000000000 2.47982267005904 9.54791576327190
0.982454393849214 0.462307945665474 -0.500000000000000 2.51123859659494 9.62369287250421
0.967744232191786 0.474093007425414 -0.500000000000000 2.54265452313083 9.69946998173653
0.952671151375484 0.485410196624968 -0.500000000000000 2.57407044966673 9.77524709096885
0.937250026711278 0.496248344564737 -0.500000000000000 2.60548637620263 9.85102420020116
0.921496076987398 0.506596755301209 -0.500000000000000 2.63690230273853 9.92680130943348
0.905424849450223 0.516445216202366 -0.500000000000000 2.66831822927442 10.0025784186658
0.889052204461029 0.525784008026318 -0.500000000000000 2.69973415581032 10.0783555278981
0.872394299843728 0.534603914513021 -0.500000000000000 2.73115008234622 10.1541326371304
0.855467574939043 0.542896231479612 -0.500000000000000 2.76256600888212 10.2299097463627
0.838288734380868 0.550652775410389 -0.500000000000000 2.79398193541802 10.3056868555951
0.820874731610807 0.557865891532951 -0.500000000000000 2.82539786195391 10.3814639648274
0.803242752147175 0.564528461372535 -0.500000000000000 2.85681378848981 10.4572410740597
0.785410196624969 0.570633909777092 -0.500000000000000 2.88822971502571 10.5330181832920
0.767394663623537 0.576176211406166 -0.500000000000000 2.91964564156161 10.6087952925243
0.749213932298913 0.581149896677179 -0.500000000000000 2.95106156809750 10.6845724017566
0.730885944837926 0.585550057163249 -0.500000000000000 2.98247749463340 10.7603495109890
0.712428788751435 0.589372350437213 -0.500000000000000 3.01389342116930 10.8361266202213
0.693860679024139 0.592613004357083 -0.500000000000000 3.04530934770520 10.9119037294536
0.675199940138582 0.595268820788687 -0.500000000000000 3.07672527424110 10.9876808386859
0.656464987991108 0.597337178761848 -0.500000000000000 3.10814120077699 11.0634579479182
0.637674311717588 0.598816037056963 -0.500000000000000 3.13955712731289 11.1392350571505
0.618846455446877 0.599703936219439 -0.500000000000000 3.17097305384879 11.2150121663829
0.600000000000000 0.600000000000000 -0.500000000000000 3.20238898038469 11.2907892756152
0.581153544553123 0.599703936219439 -0.500000000000000 3.23380490692058 11.3665663848475
0.562325688282412 0.598816037056963 -0.500000000000000 3.26522083345648 11.4423434940798
0.543535012008891 0.597337178761848 -0.500000000000000 3.29663675999238 11.5181206033121
0.524800059861417 0.595268820788687 -0.500000000000000 3.32805268652828 11.5938977125444
0.506139320975862 0.592613004357083 -0.500000000000000 3.35946861306417 11.6696748217767
0.487571211248565 0.589372350437213 -0.500000000000000 3.39088453960007 11.7454519310091
0.469114055162074 0.585550057163248 -0.500000000000000 3.42230046613597 11.8212290402414
0.450786067701087 0.581149896677179 -0.500000000000000 3.45371639267187 11.8970061494737
0.432605336376463 0.576176211406166 -0.500000000000000 3.48513231920777 11.9727832587060
0.414589803375032 0.570633909777092 -0.500000000000000 3.51654824574366 12.0485603679383
0.396757247852825 0.564528461372535 -0.500000000000000 3.54796417227956 12.1243374771706
0.379125268389193 0.557865891532951 -0.500000000000000 3.57938009881546 12.2001145864030
0.361711265619132 0.550652775410389 -0.500000000000000 3.61079602535136 12.2758916956353
0.344532425060956 0.542896231479612 -0.500000000000000 3.64221195188725 12.3516688048676
0.327605700156272 0.534603914513021 -0.500000000000000 3.67362787842315 12.4274459140999
0.310947795538971 0.525784008026318 -0.500000000000000 3.70504380495905 12.5032230233322
0.294575150549777 0.516445216202366 -0.500000000000000 3.73645973149495 12.5790001325645
0.278503923012602 0.506596755301209 -0.500000000000000 3.76787565803085 12.6547772417969
0.262749973288722 0.496248344564737 -0.500000000000000 3.79929158456674 12.7305543510292
0.247328848624516 0.485410196624968 -0.500000000000000 3.83070751110264 12.8063314602615
0.232255767808214 0.474093007425414 -0.500000000000000 3.86212343763854 12.8821085694938
0.217545606150786 0.462307945665473 -0.500000000000000 3.89353936417444 12.9578856787261
0.203212880805809 0.450066641778276 -0.500000000000000 3.92495529071033 13.0336627879584
0.189271736442787 0.437381176452847 -0.500000000000000 3.95637121724623 13.1094398971908
0.175735931288071 0.424264068711928 -0.500000000000000 3.98778714378213 13.1852170064231
0.162618823547153 0.410728263557213 -0.500000000000000 4.01920307031803 13.2609941156554
0.149933358221724 0.396787119194191 -0.500000000000000 4.05061899685393 13.3367712248877
0.137692054334526 0.382454393849214 -0.500000000000000 4.08203492338982 13.4125483341200
0.125906992574586 0.367744232191786 -0.500000000000000 4.11345084992572 13.4883254433523
0.114589803375031 0.352671151375484 -0.500000000000000 4.14486677646162 13.5641025525846
0.103751655435263 0.337250026711278 -0.500000000000000 4.17628270299752 13.6398796618170
0.0934032446987909 0.321496076987398 -0.500000000000000 4.20769862953341 13.7156567710493
0.0835547837976337 0.305424849450223 -0.500000000000000 4.23911455606931 13.7914338802816
0.0742159919736819 0.289052204461029 -0.500000000000000 4.27053048260521 13.8672109895139
0.0653960854869792 0.272394299843728 -0.500000000000000 4.30194640914111 13.9429880987462
0.0571037685203882 0.255467574939043 -0.500000000000000 4.33336233567701 14.0187652079785
0.0493472245896113 0.238288734380868 -0.500000000000000 4.36477826221290 14.0945423172109
0.0421341084670491 0.220874731610807 -0.500000000000000 4.39619418874880 14.1703194264432
0.0354715386274648 0.203242752147175 -0.500000000000000 4.42761011528470 14.2460965356755
0.0293660902229077 0.185410196624968 -0.500000000000000 4.45902604182060 14.3218736449078
0.0238237885938341 0.167394663623537 -0.500000000000000 4.49044196835649 14.3976507541401
0.0188501033228213 0.149213932298913 -0.500000000000000 4.52185789489239 14.4734278633724
0.0144499428367515 0.130885944837925 -0.500000000000000 4.55327382142829 14.5492049726048
0.0106276495627867 0.112428788751435 -0.500000000000000 4.58468974796419 14.6249820818371
0.00738699564291723 0.0938606790241381 -0.500000000000000 4.61610567450009 14.7007591910694
0.00473117921131327 0.0751999401385823 -0.500000000000000 4.64752160103598 14.7765363003017
0.00266282123815198 0.0564649879911084 -0.500000000000000 4.67893752757188 14.8523134095340
0.00118396294303702 0.0376743117175880 -0.500000000000000 4.71035345410778 14.9280905187663
0.000296063780561018 0.0188464554468770 -0.500000000000000 4.74176938064368 15.0038676279987
0 0 -0.500000000000000 4.77318530717957 15.0796447372310
-0.000296063780561018 -0.0188464554468770 -0.500000000000000 4.74176938064368 15.1554218464633
-0.00118396294303702 -0.0376743117175880 -0.500000000000000 4.71035345410778 15.2311989556956
-0.00266282123815198 -0.0564649879911086 -0.500000000000000 4.67893752757188 15.3069760649279
-0.00473117921131327 -0.0751999401385826 -0.500000000000000 4.64752160103598 15.3827531741602
-0.00738699564291734 -0.0938606790241385 -0.500000000000000 4.61610567450009 15.4585302833926
-0.0106276495627867 -0.112428788751435 -0.500000000000000 4.58468974796419 15.5343073926249
-0.0144499428367515 -0.130885944837926 -0.500000000000000 4.55327382142829 15.6100845018572
-0.0188501033228213 -0.149213932298913 -0.500000000000000 4.52185789489239 15.6858616110895
-0.0238237885938342 -0.167394663623538 -0.500000000000000 4.49044196835649 15.7616387203218
-0.0293660902229079 -0.185410196624968 -0.500000000000000 4.45902604182060 15.8374158295541
-0.0354715386274648 -0.203242752147175 -0.500000000000000 4.42761011528470 15.9131929387864
-0.0421341084670492 -0.220874731610807 -0.500000000000000 4.39619418874880 15.9889700480188
-0.0493472245896113 -0.238288734380868 -0.500000000000000 4.36477826221290 16.0647471572511
-0.0571037685203883 -0.255467574939044 -0.500000000000000 4.33336233567701 16.1405242664834
-0.0653960854869793 -0.272394299843728 -0.500000000000000 4.30194640914111 16.2163013757157
-0.0742159919736819 -0.289052204461029 -0.500000000000000 4.27053048260521 16.2920784849480
-0.0835547837976338 -0.305424849450223 -0.500000000000000 4.23911455606931 16.3678555941803
-0.0934032446987909 -0.321496076987398 -0.500000000000000 4.20769862953341 16.4436327034127
-0.103751655435263 -0.337250026711278 -0.500000000000000 4.17628270299752 16.5194098126450
-0.114589803375032 -0.352671151375484 -0.500000000000000 4.14486677646162 16.5951869218773
-0.125906992574586 -0.367744232191786 -0.500000000000000 4.11345084992572 16.6709640311096
-0.137692054334527 -0.382454393849214 -0.500000000000000 4.08203492338982 16.7467411403419
-0.149933358221724 -0.396787119194191 -0.500000000000000 4.05061899685393 16.8225182495742
-0.162618823547153 -0.410728263557213 -0.500000000000000 4.01920307031803 16.8982953588066
-0.175735931288072 -0.424264068711929 -0.500000000000000 3.98778714378213 16.9740724680389
-0.189271736442787 -0.437381176452847 -0.500000000000000 3.95637121724623 17.0498495772712
-0.203212880805809 -0.450066641778276 -0.500000000000000 3.92495529071033 17.1256266865035
-0.217545606150786 -0.462307945665474 -0.500000000000000 3.89353936417444 17.2014037957358
-0.232255767808214 -0.474093007425414 -0.500000000000000 3.86212343763854 17.2771809049681
-0.247328848624516 -0.485410196624968 -0.500000000000000 3.83070751110264 17.3529580142005
-0.262749973288722 -0.496248344564737 -0.500000000000000 3.79929158456674 17.4287351234328
-0.278503923012602 -0.506596755301209 -0.500000000000000 3.76787565803085 17.5045122326651
-0.294575150549777 -0.516445216202366 -0.500000000000000 3.73645973149495 17.5802893418974
-0.310947795538971 -0.525784008026318 -0.500000000000000 3.70504380495905 17.6560664511297
-0.327605700156272 -0.534603914513021 -0.500000000000000 3.67362787842315 17.7318435603620
-0.344532425060956 -0.542896231479612 -0.500000000000000 3.64221195188726 17.8076206695944
-0.361711265619132 -0.550652775410389 -0.500000000000000 3.61079602535136 17.8833977788267
-0.379125268389193 -0.557865891532951 -0.500000000000000 3.57938009881546 17.9591748880590
-0.396757247852825 -0.564528461372535 -0.500000000000000 3.54796417227956 18.0349519972913
-0.414589803375032 -0.570633909777092 -0.500000000000000 3.51654824574366 18.1107291065236
-0.432605336376462 -0.576176211406166 -0.500000000000000 3.48513231920777 18.1865062157559
-0.450786067701087 -0.581149896677179 -0.500000000000000 3.45371639267187 18.2622833249882
-0.469114055162075 -0.585550057163249 -0.500000000000000 3.42230046613597 18.3380604342206
-0.487571211248565 -0.589372350437213 -0.500000000000000 3.39088453960007 18.4138375434529
-0.506139320975862 -0.592613004357083 -0.500000000000000 3.35946861306418 18.4896146526852
-0.524800059861417 -0.595268820788687 -0.500000000000000 3.32805268652828 18.5653917619175
-0.543535012008891 -0.597337178761848 -0.500000000000000 3.29663675999238 18.6411688711498
-0.562325688282412 -0.598816037056963 -0.500000000000000 3.26522083345648 18.7169459803821
-0.581153544553123 -0.599703936219439 -0.500000000000000 3.23380490692058 18.7927230896145
-0.600000000000000 -0.600000000000000 -0.500000000000000 3.20238898038469 18.8685001988468
-0.618846455446877 -0.599703936219439 -0.500000000000000 3.17097305384879 18.9442773080791
-0.637674311717588 -0.598816037056963 -0.500000000000000 3.13955712731289 19.0200544173114
-0.656464987991109 -0.597337178761848 -0.500000000000000 3.10814120077699 19.0958315265437
-0.675199940138583 -0.595268820788687 -0.500000000000000 3.07672527424110 19.1716086357760
-0.693860679024139 -0.592613004357083 -0.500000000000000 3.04530934770520 19.2473857450084
-0.712428788751435 -0.589372350437213 -0.500000000000000 3.01389342116930 19.3231628542407
-0.730885944837926 -0.585550057163249 -0.500000000000000 2.98247749463340 19.3989399634730
-0.749213932298913 -0.581149896677179 -0.500000000000000 2.95106156809750 19.4747170727053
-0.767394663623538 -0.576176211406166 -0.500000000000000 2.91964564156161 19.5504941819376
-0.785410196624969 -0.570633909777092 -0.500000000000000 2.88822971502571 19.6262712911699
-0.803242752147175 -0.564528461372535 -0.500000000000000 2.85681378848981 19.7020484004023
-0.820874731610807 -0.557865891532951 -0.500000000000000 2.82539786195391 19.7778255096346
-0.838288734380868 -0.550652775410389 -0.500000000000000 2.79398193541802 19.8536026188669
-0.855467574939044 -0.542896231479612 -0.500000000000000 2.76256600888212 19.9293797280992
-0.872394299843728 -0.534603914513021 -0.500000000000000 2.73115008234622 20.0051568373315
-0.889052204461029 -0.525784008026318 -0.500000000000000 2.69973415581032 20.0809339465638
-0.905424849450223 -0.516445216202366 -0.500000000000000 2.66831822927442 20.1567110557961
-0.921496076987398 -0.506596755301209 -0.500000000000000 2.63690230273853 20.2324881650285
-0.937250026711278 -0.496248344564737 -0.500000000000000 2.60548637620263 20.3082652742608
-0.952671151375484 -0.485410196624968 -0.500000000000000 2.57407044966673 20.3840423834931
-0.967744232191786 -0.474093007425414 -0.500000000000000 2.54265452313083 20.4598194927254
-0.982454393849214 -0.462307945665474 -0.500000000000000 2.51123859659494 20.5355966019577
-0.996787119194191 -0.450066641778276 -0.500000000000000 2.47982267005904 20.6113737111900
-1.01072826355721 -0.437381176452847 -0.500000000000000 2.44840674352314 20.6871508204224
-1.02426406871193 -0.424264068711929 -0.500000000000000 2.41699081698724 20.7629279296547
-1.03738117645285 -0.410728263557213 -0.500000000000000 2.38557489045134 20.8387050388870
-1.05006664177828 -0.396787119194191 -0.500000000000000 2.35415896391545 20.9144821481193
-1.06230794566547 -0.382454393849214 -0.500000000000000 2.32274303737955 20.9902592573516
-1.07409300742541 -0.367744232191786 -0.500000000000000 2.29132711084365 21.0660363665839
-1.08541019662497 -0.352671151375484 -0.500000000000000 2.25991118430775 21.1418134758163
-1.09624834456474 -0.337250026711278 -0.500000000000000 2.22849525777186 21.2175905850486
-1.10659675530121 -0.321496076987398 -0.500000000000000 2.19707933123596 21.2933676942809
-1.11644521620237 -0.305424849450223 -0.500000000000000 2.16566340470006 21.3691448035132
-1.12578400802632 -0.289052204461029 -0.500000000000000 2.13424747816416 21.4449219127455
-1.13460391451302 -0.272394299843728 -0.500000000000000 2.10283155162827 21.5206990219778
-1.14289623147961 -0.255467574939044 -0.500000000000000 2.07141562509237 21.5964761312102
-1.15065277541039 -0.238288734380868 -0.500000000000000 2.03999969855647 21.6722532404425
-1.15786589153295 -0.220874731610807 -0.500000000000000 2.00858377202057 21.7480303496748
-1.16452846137254 -0.203242752147175 -0.500000000000000 1.97716784548467 21.8238074589071
-1.17063390977709 -0.185410196624968 -0.500000000000000 1.94575191894878 21.8995845681394
-1.17617621140617 -0.167394663623537 -0.500000000000000 1.91433599241288 21.9753616773717
-1.18114989667718 -0.149213932298913 -0.500000000000000 1.88292006587698 22.0511387866041
-1.18555005716325 -0.130885944837925 -0.500000000000000 1.85150413934108 22.1269158958364
-1.18937235043721 -0.112428788751435 -0.500000000000000 1.82008821280518 22.2026930050687
-1.19261300435708 -0.0938606790241383 -0.500000000000000 1.78867228626929 22.2784701143010
-1.19526882078869 -0.0751999401385825 -0.500000000000000 1.75725635973339 22.3542472235333
-1.19733717876185 -0.0564649879911086 -0.500000000000000 1.72584043319749 22.4300243327656
-1.19881603705696 -0.0376743117175879 -0.500000000000000 1.69442450666159 22.5058014419979
-1.19970393621944 -0.0188464554468769 -0.500000000000000 1.66300858012569 22.5815785512303
-1.20000000000000 0 -0.500000000000000 1.63159265358980 22.6573556604626
-1.19970393621944 0.0188464554468771 -0.500000000000000 1.60017672705390 22.7331327696949
-1.19881603705696 0.0376743117175880 -0.500000000000000 1.56876080051800 22.8089098789272
-1.19733717876185 0.0564649879911087 -0.500000000000000 1.53734487398210 22.8846869881595
-1.19526882078869 0.0751999401385826 -0.500000000000000 1.50592894744620 22.9604640973918
-1.19261300435708 0.0938606790241387 -0.500000000000000 1.47451302091031 23.0362412066242
-1.18937235043721 0.112428788751435 -0.500000000000000 1.44309709437441 23.1120183158565
-1.18555005716325 0.130885944837926 -0.500000000000000 1.41168116783851 23.1877954250888
-1.18114989667718 0.149213932298913 -0.500000000000000 1.38026524130261 23.2635725343211
-1.17617621140617 0.167394663623538 -0.500000000000000 1.34884931476671 23.3393496435534
-1.17063390977709 0.185410196624969 -0.500000000000000 1.31743338823082 23.4151267527857
-1.16452846137254 0.203242752147175 -0.500000000000000 1.28601746169492 23.4909038620181
-1.15786589153295 0.220874731610807 -0.500000000000000 1.25460153515902 23.5666809712504
-1.15065277541039 0.238288734380868 -0.500000000000000 1.22318560862312 23.6424580804827
-1.14289623147961 0.255467574939044 -0.500000000000000 1.19176968208722 23.7182351897150
-1.13460391451302 0.272394299843728 -0.500000000000000 1.16035375555133 23.7940122989473
-1.12578400802632 0.289052204461029 -0.500000000000000 1.12893782901543 23.8697894081796
-1.11644521620237 0.305424849450223 -0.500000000000000 1.09752190247953 23.9455665174120
-1.10659675530121 0.321496076987398 -0.500000000000000 1.06610597594363 24.0213436266443
-1.09624834456474 0.337250026711278 -0.500000000000000 1.03469004940773 24.0971207358766
-1.08541019662497 0.352671151375484 -0.500000000000000 1.00327412287184 24.1728978451089
-1.07409300742541 0.367744232191786 -0.500000000000000 0.971858196335939 24.2486749543412
-1.06230794566547 0.382454393849214 -0.500000000000000 0.940442269800041 24.3244520635735
-1.05006664177828 0.396787119194191 -0.500000000000000 0.909026343264143 24.4002291728058
-1.03738117645285 0.410728263557213 -0.500000000000000 0.877610416728245 24.4760062820382
-1.02426406871193 0.424264068711929 -0.500000000000000 0.846194490192347 24.5517833912705
-1.01072826355721 0.437381176452847 -0.500000000000000 0.814778563656449 24.6275605005028
-0.996787119194191 0.450066641778276 -0.500000000000000 0.783362637120551 24.7033376097351
-0.982454393849214 0.462307945665474 -0.500000000000000 0.751946710584653 24.7791147189674
-0.967744232191786 0.474093007425414 -0.500000000000000 0.720530784048755 24.8548918281997
-0.952671151375484 0.485410196624968 -0.500000000000000 0.689114857512857 24.9306689374321
-0.937250026711278 0.496248344564737 -0.500000000000000 0.657698930976959 25.0064460466644
-0.921496076987398 0.506596755301209 -0.500000000000000 0.626283004441061 25.0822231558967
-0.905424849450223 0.516445216202366 -0.500000000000000 0.594867077905163 25.1580002651290
-0.889052204461029 0.525784008026318 -0.500000000000000 0.563451151369265 25.2337773743613
-0.872394299843728 0.534603914513021 -0.500000000000000 0.532035224833367 25.3095544835936
-0.855467574939043 0.542896231479612 -0.500000000000000 0.500619298297469 25.3853315928260
-0.838288734380868 0.550652775410389 -0.500000000000000 0.469203371761571 25.4611087020583
-0.820874731610807 0.557865891532951 -0.500000000000000 0.437787445225673 25.5368858112906
-0.803242752147175 0.564528461372535 -0.500000000000000 0.406371518689775 25.6126629205229
-0.785410196624969 0.570633909777092 -0.500000000000000 0.374955592153877 25.6884400297552
-0.767394663623537 0.576176211406166 -0.500000000000000 0.343539665617979 25.7642171389875
-0.749213932298913 0.581149896677179 -0.500000000000000 0.312123739082081 25.8399942482199
-0.730885944837926 0.585550057163249 -0.500000000000000 0.280707812546183 25.9157713574522
-0.712428788751435 0.589372350437213 -0.500000000000000 0.249291886010286 25.9915484666845
-0.693860679024139 0.592613004357083 -0.500000000000000 0.217875959474388 26.0673255759168
-0.675199940138582 0.595268820788687 -0.500000000000000 0.186460032938490 26.1431026851491
-0.656464987991108 0.597337178761848 -0.500000000000000 0.155044106402592 26.2188797943814
-0.637674311717588 0.598816037056963 -0.500000000000000 0.123628179866694 26.2946569036138
-0.618846455446877 0.599703936219439 -0.500000000000000 0.0922122533307959 26.3704340128461
-0.600000000000000 0.600000000000000 -0.500000000000000 0.0607963267948980 26.4462111220784
-0.581153544553123 0.599703936219439 -0.500000000000000 0.0293804002590000 26.5219882313107
-0.562325688282412 0.598816037056963 -0.500000000000000 -0.00203552627689792 26.5977653405430
-0.543535012008891 0.597337178761848 -0.500000000000000 -0.0334514528127959 26.6735424497753
-0.524800059861417 0.595268820788687 -0.500000000000000 -0.0648673793486938 26.7493195590076
-0.506139320975862 0.592613004357083 -0.500000000000000 -0.0962833058845917 26.8250966682400
-0.487571211248565 0.589372350437213 -0.500000000000000 -0.127699232420490 26.9008737774723
-0.469114055162074 0.585550057163248 -0.500000000000000 -0.159115158956388 26.9766508867046
-0.450786067701087 0.581149896677179 -0.500000000000000 -0.190531085492285 27.0524279959369
-0.432605336376463 0.576176211406166 -0.500000000000000 -0.221947012028183 27.1282051051692
-0.414589803375032 0.570633909777092 -0.500000000000000 -0.253362938564081 27.2039822144015
-0.396757247852825 0.564528461372535 -0.500000000000000 -0.284778865099979 27.2797593236339
-0.379125268389193 0.557865891532951 -0.500000000000000 -0.316194791635877 27.3555364328662
-0.361711265619132 0.550652775410389 -0.500000000000000 -0.347610718171775 27.4313135420985
-0.344532425060956 0.542896231479612 -0.500000000000000 -0.379026644707673 27.5070906513308
-0.327605700156272 0.534603914513021 -0.500000000000000 -0.410442571243571 27.5828677605631
-0.310947795538971 0.525784008026318 -0.500000000000000 -0.441858497779469 27.6586448697954
-0.294575150549777 0.516445216202366 -0.500000000000000 -0.473274424315367 27.7344219790278
-0.278503923012602 0.506596755301209 -0.500000000000000 -0.504690350851265 27.8101990882601
-0.262749973288722 0.496248344564737 -0.500000000000000 -0.536106277387163 27.8859761974924
-0.247328848624516 0.485410196624968 -0.500000000000000 -0.567522203923061 27.9617533067247
-0.232255767808214 0.474093007425414 -0.500000000000000 -0.598938130458959 28.0375304159570
-0.217545606150786 0.462307945665473 -0.500000000000000 -0.630354056994857 28.1133075251893
-0.203212880805809 0.450066641778276 -0.500000000000000 -0.661769983530755 28.1890846344217
-0.189271736442787 0.437381176452847 -0.500000000000000 -0.693185910066653 28.2648617436540
-0.175735931288071 0.424264068711928 -0.500000000000000 -0.724601836602551 28.3406388528863
-0.162618823547153 0.410728263557213 -0.500000000000000 -0.756017763138449 28.4164159621186
-0.149933358221724 0.396787119194191 -0.500000000000000 -0.787433689674347 28.4921930713509
-0.137692054334526 0.382454393849214 -0.500000000000000 -0.818849616210244 28.5679701805832
-0.125906992574586 0.367744232191786 -0.500000000000000 -0.850265542746142 28.6437472898155
-0.114589803375031 0.352671151375484 -0.500000000000000 -0.881681469282040 28.7195243990479
-0.103751655435263 0.337250026711278 -0.500000000000000 -0.913097395817938 28.7953015082802
-0.0934032446987909 0.321496076987398 -0.500000000000000 -0.944513322353836 28.8710786175125
-0.0835547837976337 0.305424849450223 -0.500000000000000 -0.975929248889734 28.9468557267448
-0.0742159919736819 0.289052204461029 -0.500000000000000 -1.00734517542563 29.0226328359771
-0.0653960854869792 0.272394299843728 -0.500000000000000 -1.03876110196153 29.0984099452094
-0.0571037685203882 0.255467574939043 -0.500000000000000 -1.07017702849743 29.1741870544418
-0.0493472245896113 0.238288734380868 -0.500000000000000 -1.10159295503333 29.2499641636741
-0.0421341084670491 0.220874731610807 -0.500000000000000 -1.13300888156922 29.3257412729064
-0.0354715386274648 0.203242752147175 -0.500000000000000 -1.16442480810512 29.4015183821387
-0.0293660902229077 0.185410196624968 -0.500000000000000 -1.19584073464102 29.4772954913710
-0.0238237885938341 0.167394663623537 -0.500000000000000 -1.22725666117692 29.5530726006033
-0.0188501033228213 0.149213932298913 -0.500000000000000 -1.25867258771282 29.6288497098357
-0.0144499428367515 0.130885944837925 -0.500000000000000 -1.29008851424871 29.7046268190680
-0.0106276495627867 0.112428788751435 -0.500000000000000 -1.32150444078461 29.7804039283003
-0.00738699564291723 0.0938606790241381 -0.500000000000000 -1.35292036732051 29.8561810375326
-0.00473117921131327 0.0751999401385823 -0.500000000000000 -1.38433629385641 29.9319581467649
-0.00266282123815198 0.0564649879911084 -0.500000000000000 -1.41575222039231 30.0077352559972
-0.00118396294303702 0.0376743117175880 -0.500000000000000 -1.44716814692820 30.0835123652296
-0.000296063780561018 0.0188464554468770 -0.500000000000000 -1.47858407346410 30.1592894744619
0 0 -0.500000000000000 -1.51000000000000 30.2350665836942
