0.0188487807741848 -0.0188464554468770 -0.500000000000000 -0.724540149038339 0.0888485240035220
0.0376929108937540 -0.0376743117175880 -0.500000000000000 -0.724169848555062 0.177642255746366
0.0565277408515712 -0.0564649879911086 -0.500000000000000 -0.723428333081907 0.266326485482870
0.0753486234351761 -0.0751999401385826 -0.500000000000000 -0.722313769068165 0.354846668567105
0.0941509148734139 -0.0938606790241385 -0.500000000000000 -0.720823394820692 0.443148508178201
0.112929975982217 -0.112428788751435 -0.500000000000000 -0.718953506798498 0.531178038259689
0.131681173309254 -0.130885944837926 -0.500000000000000 -0.716699441231678 0.618881706749956
0.150399880277165 -0.149213932298913 -0.500000000000000 -0.714055550975041 0.706206459185946
0.169081478325099 -0.167394663623538 -0.500000000000000 -0.711015177487252 0.793099822768543
0.187721358048277 -0.185410196624968 -0.500000000000000 -0.707570617809187 0.879509990985804
0.206314920335291 -0.203242752147175 -0.500000000000000 -0.703713086401250 0.965385908899297
0.224857577502870 -0.220874731610807 -0.500000000000000 -0.699432671689594 1.05067735920941
0.243344754427815 -0.238288734380868 -0.500000000000000 -0.694718287167274 1.13533504922764
0.261771889675851 -0.255467574939044 -0.500000000000000 -0.689557616899598 1.21931069889749
0.280134436627087 -0.272394299843728 -0.500000000000000 -0.683937055296259 1.30255713002120
0.298427864597826 -0.289052204461029 -0.500000000000000 -0.677841641038464 1.38502835686627
0.316647659958448 -0.305424849450223 -0.500000000000000 -0.671254985091498 1.46667967834466
0.334789327247075 -0.321496076987398 -0.500000000000000 -0.664159192796138 1.54746777197808
0.352848390278765 -0.337250026711278 -0.500000000000000 -0.656534780122067 1.62735078988448
0.370820393249937 -0.352671151375484 -0.500000000000000 -0.648360584290250 1.70628845704484
0.388700901837779 -0.367744232191786 -0.500000000000000 -0.639613669137538 1.78424217213375
0.406485504294350 -0.382454393849214 -0.500000000000000 -0.630269225817380 1.86117511122329
0.424169812535109 -0.396787119194191 -0.500000000000000 -0.620300469717764 1.93705233469565
0.441749463221614 -0.410728263557213 -0.500000000000000 -0.609678534848868 2.01184089772579
0.459220118838108 -0.424264068711929 -0.500000000000000 -0.598372367426634 2.08550996471960
0.476577468761737 -0.437381176452847 -0.500000000000000 -0.586348620978583 2.15803092811473
0.493817230326131 -0.450066641778276 -0.500000000000000 -0.573571556050904 2.22937753196755
0.510935149878087 -0.462307945665474 -0.500000000000000 -0.560002948532346 2.29952600075942
0.527927003827098 -0.474093007425414 -0.500000000000000 -0.545602011764158 2.36845517385359
0.544788599687456 -0.485410196624968 -0.500000000000000 -0.530325339013216 2.43614664601767
0.561515777112688 -0.496248344564737 -0.500000000000000 -0.514126874583465 2.50258491438926
0.578104408922058 -0.506596755301209 -0.500000000000000 -0.496957923861724 2.56775753219746
0.594550402118889 -0.516445216202366 -0.500000000000000 -0.478767214961900 2.63165526945107
0.610849698900446 -0.525784008026318 -0.500000000000000 -0.459501027350110 2.69427228065626
0.626998277659139 -0.534603914513021 -0.500000000000000 -0.439103405877291 2.75560627941713
0.642992153974796 -0.542896231479612 -0.500000000000000 -0.417516481938137 2.81565871948921
0.658827381597758 -0.550652775410389 -0.500000000000000 -0.394680926865966 2.87443498147964
0.674500053422557 -0.557865891532951 -0.500000000000000 -0.370536565908324 2.93194456390103
0.690006302451934 -0.564528461372535 -0.500000000000000 -0.345023183811523 2.98820127666872
0.705342302750968 -0.570633909777092 -0.500000000000000 -0.318081554598804 3.04322343436629
0.720504270391061 -0.576176211406166 -0.500000000000000 -0.289654727764332 3.09703404567700
0.735488464383572 -0.581149896677179 -0.500000000000000 -0.259689599795715 3.14966099428492
0.750291187602846 -0.585550057163249 -0.500000000000000 -0.228138792431507 3.20113720529648
0.764908787698428 -0.589372350437213 -0.500000000000000 -0.194962845956105 3.25150078985104
0.779337657996221 -0.592613004357083 -0.500000000000000 -0.160132715755604 3.30079515913720
0.793574238388382 -0.595268820788687 -0.500000000000000 -0.123632532233369 3.34906909760656
0.807615016211728 -0.597337178761848 -0.500000000000000 -0.0854625476989905 3.39637678391999
0.821456527114426 -0.598816037056963 -0.500000000000000 -0.0456421500015398 3.44277774726326
0.835095355910777 -0.599703936219439 -0.500000000000000 -0.00421277442461987 3.48833674635710
0.848528137423857 -0.600000000000000 -0.500000000000000 0.0387595019029599 3.53312355901692
0.861751557315827 -0.599703936219439 -0.500000000000000 0.0830892835292421 3.57721267173215
0.874762352905694 -0.598816037056963 -0.500000000000000 0.128841293021329 3.62068286162055
0.887557313974332 -0.597337178761848 -0.500000000000000 0.175774379442338 3.66361666733806
0.900133283556551 -0.595268820788687 -0.500000000000000 0.223713385717931 3.70609975098295
0.912487158720037 -0.592613004357083 -0.500000000000000 0.272459196388699 3.74822015940048
0.924615891330947 -0.589372350437213 -0.500000000000000 0.321792886195155 3.79006750002690
0.936516488805996 -0.585550057163249 -0.500000000000000 0.371481165540003 3.83173205279132
0.948186014850828 -0.581149896677179 -0.500000000000000 0.421282822551965 3.87330384483221
0.959621590184509 -0.576176211406166 -0.500000000000000 0.470955737206303 3.91487171816238
0.970820393249937 -0.570633909777092 -0.500000000000000 0.520263968378125 3.95652242143053
0.981779660910028 -0.564528461372535 -0.500000000000000 0.568984405065914 3.99833975540505
0.992496689129474 -0.557865891532951 -0.500000000000000 0.616912530339697 4.04040379794387
1.00296883364192 -0.550652775410389 -0.500000000000000 0.663866959008773 4.08279022854078
1.01319351060242 -0.542896231479612 -0.500000000000000 0.709692555386354 4.12556976579563
1.02316819722491 -0.534603914513021 -0.500000000000000 0.754262089506246 4.16880772415674
1.03289043240473 -0.525784008026318 -0.500000000000000 0.797476524834902 4.21256368975966
1.04235781732583 -0.516445216202366 -0.500000000000000 0.839264131374501 4.25689130968917
1.05156801605264 -0.506596755301209 -0.500000000000000 0.879578677878357 4.30183818483811
1.06051875610643 -0.496248344564737 -0.500000000000000 0.918396977098444 4.34744585381815
1.06920782902604 -0.485410196624968 -0.500000000000000 0.955716045953642 4.39374985400131
1.07763309091274 -0.474093007425414 -0.500000000000000 0.991550108494797 4.44077984552421
1.08579246295922 -0.462307945665474 -0.500000000000000 1.02592762389661 4.48855978469893
1.09368393196253 -0.450066641778276 -0.500000000000000 1.05888847307612 4.53710813446936
1.10130555082078 -0.437381176452847 -0.500000000000000 1.09048139206026 4.58643810108230
1.10865543901354 -0.424264068711929 -0.500000000000000 1.12076170149867 4.63655788780848
1.11573178306590 -0.410728263557213 -0.500000000000000 1.14978935122903 4.68747095820344
1.12253283699584 -0.396787119194191 -0.500000000000000 1.17762727654894 4.73917630294206
1.12905692274507 -0.382454393849214 -0.500000000000000 1.20434004791754 4.79166870563869
1.13530243059305 -0.367744232191786 -0.500000000000000 1.22999278687895 4.84493900424942
1.14126781955418 -0.352671151375484 -0.500000000000000 1.25465031664942 4.89897434564253
1.14695161775800 -0.337250026711278 -0.500000000000000 1.27837651473996 4.95375843172707
1.15235242281233 -0.321496076987398 -0.500000000000000 1.30123383609948 5.00927175616739
1.15746890214936 -0.305424849450223 -0.500000000000000 1.32328297770557 5.06549183120567
1.16229979335436 -0.289052204461029 -0.500000000000000 1.34458265866597 5.12239340448764
1.16684390447721 -0.272394299843728 -0.500000000000000 1.36518949328149 5.17994866606158
1.17110011432650 -0.255467574939044 -0.500000000000000 1.38515793787068 5.23812744591586
1.17506737274612 -0.238288734380868 -0.500000000000000 1.40454029529239 5.29689740255390
1.17874470087443 -0.220874731610807 -0.500000000000000 1.42338676392799 5.35622420319042
1.18213119138573 -0.203242752147175 -0.500000000000000 1.44174552036569 5.41607169620290
1.18522600871417 -0.185410196624968 -0.500000000000000 1.45966282715802 5.47640207649426
1.18802838925987 -0.167394663623537 -0.500000000000000 1.47718315882405 5.53717604442723
1.19053764157737 -0.149213932298913 -0.500000000000000 1.49434934076650 5.59835295898121
1.19275314654622 -0.130885944837925 -0.500000000000000 1.51120269701013 5.65989098576475
1.19467435752370 -0.112428788751435 -0.500000000000000 1.52778320367504 5.72174724049395
1.19630080047975 -0.0938606790241383 -0.500000000000000 1.54412964591308 5.78387792852188
1.19763207411393 -0.0751999401385825 -0.500000000000000 1.56027977668750 5.84623848097863
1.19866784995436 -0.0564649879911086 -0.500000000000000 1.57627047629359 5.90878368805672
1.19940787243888 -0.0376743117175879 -0.500000000000000 1.59213791192302 5.97146782995471
1.19985195897799 -0.0188464554468769 -0.500000000000000 1.60791769688842 6.03424480597165
1.20000000000000 0 -0.500000000000000 1.62364504936011 6.09706826222940
1.19985195897799 0.0188464554468771 -0.500000000000000 1.63935495063989 6.15989171848716
1.19940787243888 0.0376743117175880 -0.500000000000000 1.65508230311158 6.22266869450409
1.19866784995436 0.0564649879911087 -0.500000000000000 1.67086208807698 6.28535283640208
1.19763207411393 0.0751999401385826 -0.500000000000000 1.68672952370641 6.34789804348018
1.19630080047975 0.0938606790241387 -0.500000000000000 1.70272022331250 6.41025859593692
1.19467435752370 0.112428788751435 -0.500000000000000 1.71887035408692 6.47238928396486
1.19275314654622 0.130885944837926 -0.500000000000000 1.73521679632497 6.53424553869406
1.19053764157737 0.149213932298913 -0.500000000000000 1.75179730298988 6.59578356547760
1.18802838925987 0.167394663623538 -0.500000000000000 1.76865065923349 6.65696048003158
1.18522600871417 0.185410196624969 -0.500000000000000 1.78581684117596 6.71773444796455
1.18213119138573 0.203242752147175 -0.500000000000000 1.80333717284197 6.77806482825591
1.17874470087443 0.220874731610807 -0.500000000000000 1.82125447963432 6.83791232126839
1.17506737274612 0.238288734380868 -0.500000000000000 1.83961323607201 6.89723912190491
1.17110011432650 0.255467574939044 -0.500000000000000 1.85845970470761 6.95600907854294
1.16684390447721 0.272394299843728 -0.500000000000000 1.87784206212932 7.01418785839723
1.16229979335436 0.289052204461029 -0.500000000000000 1.89781050671851 7.07174311997116
1.15746890214936 0.305424849450223 -0.500000000000000 1.91841734133402 7.12864469325314
1.15235242281233 0.321496076987398 -0.500000000000000 1.93971702229443 7.18486476829141
1.14695161775800 0.337250026711278 -0.500000000000000 1.96176616390052 7.24037809273174
1.14126781955418 0.352671151375484 -0.500000000000000 1.98462348526004 7.29516217881627
1.13530243059305 0.367744232191786 -0.500000000000000 2.00834968335058 7.34919752020939
1.12905692274507 0.382454393849214 -0.500000000000000 2.03300721312106 7.40246781882012
1.12253283699584 0.396787119194191 -0.500000000000000 2.05865995208245 7.45496022151675
1.11573178306590 0.410728263557213 -0.500000000000000 2.08537272345106 7.50666556625537
1.10865543901354 0.424264068711929 -0.500000000000000 2.11321064877097 7.55757863665033
1.10130555082078 0.437381176452847 -0.500000000000000 2.14223829850133 7.60769842337651
1.09368393196253 0.450066641778276 -0.500000000000000 2.17251860793973 7.65702838998944
1.08579246295922 0.462307945665474 -0.500000000000000 2.20411152692390 7.70557673975988
1.07763309091274 0.474093007425414 -0.500000000000000 2.23707237610338 7.75335667893460
1.06920782902604 0.485410196624968 -0.500000000000000 2.27144989150521 7.80038667045749
1.06051875610643 0.496248344564737 -0.500000000000000 2.30728395404637 7.84669067064066
1.05156801605264 0.506596755301209 -0.500000000000000 2.34460302290155 7.89229833962070
1.04235781732583 0.516445216202366 -0.500000000000000 2.38342132212164 7.93724521476964
1.03289043240473 0.525784008026318 -0.500000000000000 2.42373586862551 7.98157283469914
1.02316819722491 0.534603914513021 -0.500000000000000 2.46552347516509 8.02532880030206
1.01319351060242 0.542896231479612 -0.500000000000000 2.50873791049376 8.06856675866317
1.00296883364192 0.550652775410389 -0.500000000000000 2.55330744461365 8.11134629591802
0.992496689129474 0.557865891532951 -0.500000000000000 2.59913304099124 8.15373272651493
0.981779660910028 0.564528461372535 -0.500000000000000 2.64608746966030 8.19579676905376
0.970820393249937 0.570633909777092 -0.500000000000000 2.69401559493408 8.23761410302827
0.959621590184508 0.576176211406166 -0.500000000000000 2.74273603162188 8.27926480629643
0.948186014850828 0.581149896677179 -0.500000000000000 2.79204426279370 8.32083267962660
0.936516488805996 0.585550057163249 -0.500000000000000 2.84171717744803 8.36240447166749
0.924615891330947 0.589372350437213 -0.500000000000000 2.89151883445999 8.40406902443191
0.912487158720037 0.592613004357083 -0.500000000000000 2.94120711380485 8.44591636505833
0.900133283556551 0.595268820788687 -0.500000000000000 2.99054080361130 8.48803677347586
0.887557313974332 0.597337178761848 -0.500000000000000 3.03928661428208 8.53051985712075
0.874762352905694 0.598816037056963 -0.500000000000000 3.08722562055766 8.57345366283825
0.861751557315827 0.599703936219439 -0.500000000000000 3.13415870697867 8.61692385272666
0.848528137423857 0.600000000000000 -0.500000000000000 3.17991071647076 8.66101296544189
0.835095355910777 0.599703936219439 -0.500000000000000 3.22424049809705 8.70579977810171
0.821456527114426 0.598816037056963 -0.500000000000000 3.26721277442461 8.75135877719554
0.807615016211728 0.597337178761848 -0.500000000000000 3.30864215000154 8.79775974053882
0.793574238388382 0.595268820788687 -0.500000000000000 3.34846254769899 8.84506742685225
0.779337657996221 0.592613004357083 -0.500000000000000 3.38663253223337 8.89334136532160
0.764908787698427 0.589372350437213 -0.500000000000000 3.42313271575561 8.94263573460777
0.750291187602846 0.585550057163248 -0.500000000000000 3.45796284595611 8.99299931916232
0.735488464383572 0.581149896677179 -0.500000000000000 3.49113879243150 9.04447553017389
0.720504270391061 0.576176211406166 -0.500000000000000 3.52268959979572 9.09710247878181
0.705342302750968 0.570633909777092 -0.500000000000000 3.55265472776433 9.15091309009251
0.690006302451934 0.564528461372535 -0.500000000000000 3.58108155459881 9.20593524779009
0.674500053422557 0.557865891532951 -0.500000000000000 3.60802318381153 9.26219196055778
0.658827381597758 0.550652775410389 -0.500000000000000 3.63353656590833 9.31970154297917
0.642992153974796 0.542896231479612 -0.500000000000000 3.65768092686596 9.37847780496960
0.626998277659138 0.534603914513021 -0.500000000000000 3.68051648193814 9.43853024504168
0.610849698900445 0.525784008026318 -0.500000000000000 3.70210340587729 9.49986424380255
0.594550402118889 0.516445216202366 -0.500000000000000 3.72250102735011 9.56248125500774
0.578104408922058 0.506596755301209 -0.500000000000000 3.74176721496190 9.62637899226135
0.561515777112688 0.496248344564737 -0.500000000000000 3.75995792386172 9.69155161006954
0.544788599687456 0.485410196624968 -0.500000000000000 3.77712687458346 9.75798987844114
0.527927003827098 0.474093007425414 -0.500000000000000 3.79332533901322 9.82568135060522
0.510935149878087 0.462307945665473 -0.500000000000000 3.80860201176416 9.89461052369938
0.493817230326130 0.450066641778276 -0.500000000000000 3.82300294853235 9.96475899249126
0.476577468761737 0.437381176452847 -0.500000000000000 3.83657155605090 10.0361055963441
0.459220118838107 0.424264068711928 -0.500000000000000 3.84934862097858 10.1086265597392
0.441749463221613 0.410728263557213 -0.500000000000000 3.86137236742663 10.1822956267330
0.424169812535108 0.396787119194191 -0.500000000000000 3.87267853484887 10.2570841897632
0.406485504294350 0.382454393849214 -0.500000000000000 3.88330046971776 10.3329614132355
0.388700901837779 0.367744232191786 -0.500000000000000 3.89326922581739 10.4098943523251
0.370820393249937 0.352671151375484 -0.500000000000000 3.90261366913754 10.4878480674140
0.352848390278764 0.337250026711278 -0.500000000000000 3.91136058429025 10.5667857345743
0.334789327247075 0.321496076987398 -0.500000000000000 3.91953478012207 10.6466687524807
0.316647659958447 0.305424849450223 -0.500000000000000 3.92715919279614 10.7274568461141
0.298427864597826 0.289052204461029 -0.500000000000000 3.93425498509150 10.8091081675925
0.280134436627086 0.272394299843728 -0.500000000000000 3.94084164103846 10.8915793944376
0.261771889675851 0.255467574939043 -0.500000000000000 3.94693705529626 10.9748258255613
0.243344754427815 0.238288734380868 -0.500000000000000 3.95255761689960 11.0588014752312
0.224857577502869 0.220874731610807 -0.500000000000000 3.95771828716727 11.1434591652494
0.206314920335292 0.203242752147175 -0.500000000000000 3.96243267168960 11.2287506155595
0.187721358048277 0.185410196624968 -0.500000000000000 3.96671308640125 11.3146265334730
0.169081478325099 0.167394663623537 -0.500000000000000 3.97057061780919 11.4010367016903
0.150399880277165 0.149213932298913 -0.500000000000000 3.97401517748725 11.4879300652729
0.131681173309254 0.130885944837925 -0.500000000000000 3.97705555097504 11.5752548177089
0.112929975982217 0.112428788751435 -0.500000000000000 3.97969944123168 11.6629584861991
0.0941509148734136 0.0938606790241381 -0.500000000000000 3.98195350679850 11.7509880162806
0.0753486234351758 0.0751999401385823 -0.500000000000000 3.98382339482069 11.8392898558917
0.0565277408515710 0.0564649879911084 -0.500000000000000 3.98531376906817 11.9278100389759
0.0376929108937539 0.0376743117175880 -0.500000000000000 3.98642833308191 12.0164942687124
0.0188487807741849 0.0188464554468770 -0.500000000000000 3.98716984855506 12.1052880004553
0 0 -0.500000000000000 3.98754014903834 12.1941365244588
-0.0188487807741851 -0.0188464554468773 -0.500000000000000 3.98754014903834 12.2829850484623
-0.0376929108937541 -0.0376743117175882 -0.500000000000000 3.98716984855506 12.3717787802052
-0.0565277408515713 -0.0564649879911087 -0.500000000000000 3.98642833308191 12.4604630099417
-0.0753486234351760 -0.0751999401385825 -0.500000000000000 3.98531376906817 12.5489831930259
-0.0941509148734143 -0.0938606790241389 -0.500000000000000 3.98382339482069 12.6372850326370
-0.112929975982217 -0.112428788751435 -0.500000000000000 3.98195350679850 12.7253145627185
-0.131681173309255 -0.130885944837926 -0.500000000000000 3.97969944123168 12.8130182312088
-0.150399880277165 -0.149213932298913 -0.500000000000000 3.97705555097504 12.9003429836448
-0.169081478325099 -0.167394663623538 -0.500000000000000 3.97401517748725 12.9872363472274
-0.187721358048277 -0.185410196624969 -0.500000000000000 3.97057061780919 13.0736465154446
-0.206314920335292 -0.203242752147175 -0.500000000000000 3.96671308640125 13.1595224333581
-0.224857577502870 -0.220874731610807 -0.500000000000000 3.96243267168960 13.2448138836682
-0.243344754427815 -0.238288734380868 -0.500000000000000 3.95771828716727 13.3294715736865
-0.261771889675851 -0.255467574939044 -0.500000000000000 3.95255761689960 13.4134472233563
-0.280134436627087 -0.272394299843728 -0.500000000000000 3.94693705529626 13.4966936544800
-0.298427864597826 -0.289052204461029 -0.500000000000000 3.94084164103846 13.5791648813251
-0.316647659958448 -0.305424849450223 -0.500000000000000 3.93425498509150 13.6608162028035
-0.334789327247075 -0.321496076987398 -0.500000000000000 3.92715919279614 13.7416042964369
-0.352848390278765 -0.337250026711278 -0.500000000000000 3.91953478012207 13.8214873143433
-0.370820393249937 -0.352671151375484 -0.500000000000000 3.91136058429024 13.9004249815037
-0.388700901837780 -0.367744232191786 -0.500000000000000 3.90261366913754 13.9783786965926
-0.406485504294350 -0.382454393849214 -0.500000000000000 3.89326922581739 14.0553116356821
-0.424169812535109 -0.396787119194191 -0.500000000000000 3.88330046971776 14.1311888591545
-0.441749463221614 -0.410728263557214 -0.500000000000000 3.87267853484887 14.2059774221846
-0.459220118838108 -0.424264068711929 -0.500000000000000 3.86137236742664 14.2796464891784
-0.476577468761737 -0.437381176452847 -0.500000000000000 3.84934862097858 14.3521674525735
-0.493817230326131 -0.450066641778276 -0.500000000000000 3.83657155605090 14.4235140564264
-0.510935149878087 -0.462307945665474 -0.500000000000000 3.82300294853234 14.4936625252182
-0.527927003827099 -0.474093007425415 -0.500000000000000 3.80860201176416 14.5625916983124
-0.544788599687457 -0.485410196624969 -0.500000000000000 3.79332533901322 14.6302831704765
-0.561515777112688 -0.496248344564737 -0.500000000000000 3.77712687458346 14.6967214388481
-0.578104408922058 -0.506596755301209 -0.500000000000000 3.75995792386173 14.7618940566563
-0.594550402118889 -0.516445216202366 -0.500000000000000 3.74176721496190 14.8257917939099
-0.610849698900446 -0.525784008026318 -0.500000000000000 3.72250102735011 14.8884088051151
-0.626998277659139 -0.534603914513021 -0.500000000000000 3.70210340587729 14.9497428038759
-0.642992153974796 -0.542896231479612 -0.500000000000000 3.68051648193814 15.0097952439480
-0.658827381597758 -0.550652775410389 -0.500000000000000 3.65768092686597 15.0685715059385
-0.674500053422557 -0.557865891532951 -0.500000000000000 3.63353656590833 15.1260810883598
-0.690006302451935 -0.564528461372535 -0.500000000000000 3.60802318381152 15.1823378011275
-0.705342302750968 -0.570633909777092 -0.500000000000000 3.58108155459881 15.2373599588251
-0.720504270391061 -0.576176211406166 -0.500000000000000 3.55265472776433 15.2911705701358
-0.735488464383572 -0.581149896677179 -0.500000000000000 3.52268959979571 15.3437975187437
-0.750291187602846 -0.585550057163249 -0.500000000000000 3.49113879243151 15.3952737297553
-0.764908787698428 -0.589372350437213 -0.500000000000000 3.45796284595610 15.4456373143099
-0.779337657996221 -0.592613004357083 -0.500000000000000 3.42313271575561 15.4949316835960
-0.793574238388383 -0.595268820788687 -0.500000000000000 3.38663253223337 15.5432056220654
-0.807615016211728 -0.597337178761848 -0.500000000000000 3.34846254769899 15.5905133083788
-0.821456527114426 -0.598816037056963 -0.500000000000000 3.30864215000154 15.6369142717221
-0.835095355910778 -0.599703936219439 -0.500000000000000 3.26721277442462 15.6824732708159
-0.848528137423857 -0.600000000000000 -0.500000000000000 3.22424049809704 15.7272600834757
-0.861751557315827 -0.599703936219439 -0.500000000000000 3.17991071647075 15.7713491961910
-0.874762352905694 -0.598816037056963 -0.500000000000000 3.13415870697868 15.8148193860794
-0.887557313974332 -0.597337178761848 -0.500000000000000 3.08722562055766 15.8577531917969
-0.900133283556552 -0.595268820788687 -0.500000000000000 3.03928661428207 15.9002362754418
-0.912487158720037 -0.592613004357083 -0.500000000000000 2.99054080361130 15.9423566838593
-0.924615891330947 -0.589372350437213 -0.500000000000000 2.94120711380485 15.9842040244857
-0.936516488805996 -0.585550057163248 -0.500000000000000 2.89151883445999 16.0258685772501
-0.948186014850828 -0.581149896677179 -0.500000000000000 2.84171717744804 16.0674403692910
-0.959621590184509 -0.576176211406166 -0.500000000000000 2.79204426279369 16.1090082426212
-0.970820393249937 -0.570633909777092 -0.500000000000000 2.74273603162188 16.1506589458894
-0.981779660910029 -0.564528461372535 -0.500000000000000 2.69401559493408 16.1924762798639
-0.992496689129475 -0.557865891532951 -0.500000000000000 2.64608746966030 16.2345403224027
-1.00296883364192 -0.550652775410389 -0.500000000000000 2.59913304099122 16.2769267529996
-1.01319351060242 -0.542896231479612 -0.500000000000000 2.55330744461365 16.3197062902545
-1.02316819722491 -0.534603914513021 -0.500000000000000 2.50873791049376 16.3629442486156
-1.03289043240473 -0.525784008026318 -0.500000000000000 2.46552347516509 16.4067002142185
-1.04235781732583 -0.516445216202366 -0.500000000000000 2.42373586862549 16.4510278341480
-1.05156801605264 -0.506596755301209 -0.500000000000000 2.38342132212164 16.4959747092969
-1.06051875610643 -0.496248344564737 -0.500000000000000 2.34460302290156 16.5415823782770
-1.06920782902604 -0.485410196624969 -0.500000000000000 2.30728395404637 16.5878863784601
-1.07763309091274 -0.474093007425414 -0.500000000000000 2.27144989150520 16.6349163699830
-1.08579246295922 -0.462307945665473 -0.500000000000000 2.23707237610339 16.6826963091577
-1.09368393196253 -0.450066641778275 -0.500000000000000 2.20411152692389 16.7312446589282
-1.10130555082078 -0.437381176452847 -0.500000000000000 2.17251860793973 16.7805746255411
-1.10865543901354 -0.424264068711928 -0.500000000000000 2.14223829850133 16.8306944122673
-1.11573178306590 -0.410728263557213 -0.500000000000000 2.11321064877097 16.8816074826623
-1.12253283699584 -0.396787119194191 -0.500000000000000 2.08537272345106 16.9333128274009
-1.12905692274507 -0.382454393849214 -0.500000000000000 2.05865995208245 16.9858052300975
-1.13530243059305 -0.367744232191786 -0.500000000000000 2.03300721312107 17.0390755287082
-1.14126781955418 -0.352671151375484 -0.500000000000000 2.00834968335058 17.0931108701013
-1.14695161775800 -0.337250026711278 -0.500000000000000 1.98462348526004 17.1478949561859
-1.15235242281233 -0.321496076987397 -0.500000000000000 1.96176616390052 17.2034082806262
-1.15746890214936 -0.305424849450222 -0.500000000000000 1.93971702229443 17.2596283556645
-1.16229979335436 -0.289052204461029 -0.500000000000000 1.91841734133401 17.3165299289465
-1.16684390447721 -0.272394299843728 -0.500000000000000 1.89781050671851 17.3740851905204
-1.17110011432650 -0.255467574939043 -0.500000000000000 1.87784206212932 17.4322639703747
-1.17506737274612 -0.238288734380868 -0.500000000000000 1.85845970470761 17.4910339270127
-1.17874470087443 -0.220874731610807 -0.500000000000000 1.83961323607202 17.5503607276492
-1.18213119138573 -0.203242752147175 -0.500000000000000 1.82125447963431 17.6102082206617
-1.18522600871417 -0.185410196624969 -0.500000000000000 1.80333717284197 17.6705386009531
-1.18802838925987 -0.167394663623537 -0.500000000000000 1.78581684117595 17.7313125688860
-1.19053764157737 -0.149213932298912 -0.500000000000000 1.76865065923350 17.7924894834400
-1.19275314654622 -0.130885944837925 -0.500000000000000 1.75179730298987 17.8540275102236
-1.19467435752370 -0.112428788751434 -0.500000000000000 1.73521679632497 17.9158837649528
-1.19630080047975 -0.0938606790241382 -0.500000000000000 1.71887035408692 17.9780144529807
-1.19763207411393 -0.0751999401385823 -0.500000000000000 1.70272022331250 18.0403750054374
-1.19866784995436 -0.0564649879911085 -0.500000000000000 1.68672952370641 18.1029202125155
-1.19940787243888 -0.0376743117175880 -0.500000000000000 1.67086208807698 18.1656043544135
-1.19985195897799 -0.0188464554468771 -0.500000000000000 1.65508230311158 18.2283813304305
-1.20000000000000 0 -0.500000000000000 1.63935495063989 18.2912047866882
-1.19985195897799 0.0188464554468777 -0.500000000000000 1.62364504936011 18.3540282429460
-1.19940787243888 0.0376743117175887 -0.500000000000000 1.60791769688841 18.4168052189629
-1.19866784995436 0.0564649879911091 -0.500000000000000 1.59213791192304 18.4794893608609
-1.19763207411393 0.0751999401385830 -0.500000000000000 1.57627047629359 18.5420345679390
-1.19630080047975 0.0938606790241388 -0.500000000000000 1.56027977668750 18.6043951203957
-1.19467435752370 0.112428788751435 -0.500000000000000 1.54412964591308 18.6665258084237
-1.19275314654622 0.130885944837926 -0.500000000000000 1.52778320367504 18.7283820631529
-1.19053764157737 0.149213932298913 -0.500000000000000 1.51120269701013 18.7899200899364
-1.18802838925987 0.167394663623537 -0.500000000000000 1.49434934076650 18.8510970044904
-1.18522600871417 0.185410196624968 -0.500000000000000 1.47718315882405 18.9118709724234
-1.18213119138573 0.203242752147176 -0.500000000000000 1.45966282715803 18.9722013527147
-1.17874470087443 0.220874731610807 -0.500000000000000 1.44174552036568 19.0320488457272
-1.17506737274612 0.238288734380869 -0.500000000000000 1.42338676392800 19.0913756463637
-1.17110011432650 0.255467574939044 -0.500000000000000 1.40454029529237 19.1501456030018
-1.16684390447721 0.272394299843728 -0.500000000000000 1.38515793787069 19.2083243828560
-1.16229979335436 0.289052204461029 -0.500000000000000 1.36518949328149 19.2658796444300
-1.15746890214936 0.305424849450223 -0.500000000000000 1.34458265866597 19.3227812177119
-1.15235242281233 0.321496076987398 -0.500000000000000 1.32328297770557 19.3790012927502
-1.14695161775800 0.337250026711278 -0.500000000000000 1.30123383609948 19.4345146171905
-1.14126781955418 0.352671151375484 -0.500000000000000 1.27837651473996 19.4892987032751
-1.13530243059305 0.367744232191787 -0.500000000000000 1.25465031664942 19.5433340446682
-1.12905692274507 0.382454393849214 -0.500000000000000 1.22999278687895 19.5966043432789
-1.12253283699584 0.396787119194191 -0.500000000000000 1.20434004791753 19.6490967459756
-1.11573178306590 0.410728263557214 -0.500000000000000 1.17762727654894 19.7008020907142
-1.10865543901354 0.424264068711929 -0.500000000000000 1.14978935122903 19.7517151611091
-1.10130555082078 0.437381176452847 -0.500000000000000 1.12076170149867 19.8018349478353
-1.09368393196253 0.450066641778276 -0.500000000000000 1.09048139206027 19.8511649144483
-1.08579246295922 0.462307945665473 -0.500000000000000 1.05888847307611 19.8997132642187
-1.07763309091274 0.474093007425414 -0.500000000000000 1.02592762389661 19.9474932033934
-1.06920782902604 0.485410196624969 -0.500000000000000 0.991550108494795 19.9945231949163
-1.06051875610643 0.496248344564738 -0.500000000000000 0.955716045953642 20.0408271950995
-1.05156801605264 0.506596755301209 -0.500000000000000 0.918396977098441 20.0864348640795
-1.04235781732583 0.516445216202366 -0.500000000000000 0.879578677878357 20.1313817392285
-1.03289043240473 0.525784008026318 -0.500000000000000 0.839264131374501 20.1757093591580
-1.02316819722491 0.534603914513021 -0.500000000000000 0.797476524834907 20.2194653247609
-1.01319351060242 0.542896231479612 -0.500000000000000 0.754262089506235 20.2627032831220
-1.00296883364192 0.550652775410389 -0.500000000000000 0.709692555386357 20.3054828203768
-0.992496689129474 0.557865891532951 -0.500000000000000 0.663866959008765 20.3478692509737
-0.981779660910028 0.564528461372535 -0.500000000000000 0.616912530339704 20.3899332935126
-0.970820393249936 0.570633909777092 -0.500000000000000 0.568984405065919 20.4317506274871
-0.959621590184508 0.576176211406166 -0.500000000000000 0.520263968378113 20.4734013307552
-0.948186014850828 0.581149896677179 -0.500000000000000 0.470955737206310 20.5149692040854
-0.936516488805995 0.585550057163249 -0.500000000000000 0.421282822551952 20.5565409961263
-0.924615891330947 0.589372350437213 -0.500000000000000 0.371481165540012 20.5982055488907
-0.912487158720037 0.592613004357083 -0.500000000000000 0.321792886195155 20.6400528895171
-0.900133283556551 0.595268820788687 -0.500000000000000 0.272459196388701 20.6821732979347
-0.887557313974332 0.597337178761848 -0.500000000000000 0.223713385717924 20.7246563815796
-0.874762352905694 0.598816037056963 -0.500000000000000 0.175774379442338 20.7675901872971
-0.861751557315827 0.599703936219439 -0.500000000000000 0.128841293021329 20.8110603771855
-0.848528137423856 0.600000000000000 -0.500000000000000 0.0830892835292407 20.8551494899007
-0.835095355910777 0.599703936219439 -0.500000000000000 0.0387595019029516 20.8999363025605
-0.821456527114426 0.598816037056963 -0.500000000000000 -0.00421277442462098 20.9454953016544
-0.807615016211728 0.597337178761848 -0.500000000000000 -0.0456421500015416 20.9918962649976
-0.793574238388382 0.595268820788687 -0.500000000000000 -0.0854625476989905 21.0392039513111
-0.779337657996220 0.592613004357083 -0.500000000000000 -0.123632532233367 21.0874778897804
-0.764908787698428 0.589372350437213 -0.500000000000000 -0.160132715755607 21.1367722590666
-0.750291187602846 0.585550057163249 -0.500000000000000 -0.194962845956100 21.1871358436211
-0.735488464383572 0.581149896677179 -0.500000000000000 -0.228138792431507 21.2386120546327
-0.720504270391061 0.576176211406166 -0.500000000000000 -0.259689599795710 21.2912390032406
-0.705342302750967 0.570633909777092 -0.500000000000000 -0.289654727764328 21.3450496145513
-0.690006302451934 0.564528461372535 -0.500000000000000 -0.318081554598813 21.4000717722489
-0.674500053422556 0.557865891532951 -0.500000000000000 -0.345023183811523 21.4563284850166
-0.658827381597758 0.550652775410389 -0.500000000000000 -0.370536565908324 21.5138380674380
-0.642992153974796 0.542896231479612 -0.500000000000000 -0.394680926865972 21.5726143294284
-0.626998277659138 0.534603914513021 -0.500000000000000 -0.417516481938137 21.6326667695005
-0.610849698900445 0.525784008026318 -0.500000000000000 -0.439103405877288 21.6940007682614
-0.594550402118889 0.516445216202366 -0.500000000000000 -0.459501027350108 21.7566177794665
-0.578104408922058 0.506596755301209 -0.500000000000000 -0.478767214961903 21.8205155167202
-0.561515777112688 0.496248344564737 -0.500000000000000 -0.496957923861725 21.8856881345283
-0.544788599687455 0.485410196624968 -0.500000000000000 -0.514126874583462 21.9521264029000
-0.527927003827098 0.474093007425414 -0.500000000000000 -0.530325339013222 22.0198178750640
-0.510935149878087 0.462307945665473 -0.500000000000000 -0.545602011764155 22.0887470481582
-0.493817230326130 0.450066641778275 -0.500000000000000 -0.560002948532347 22.1588955169501
-0.476577468761736 0.437381176452847 -0.500000000000000 -0.573571556050904 22.2302421208029
-0.459220118838107 0.424264068711928 -0.500000000000000 -0.586348620978579 22.3027630841980
-0.441749463221613 0.410728263557213 -0.500000000000000 -0.598372367426636 22.3764321511918
-0.424169812535109 0.396787119194191 -0.500000000000000 -0.609678534848867 22.4512207142220
-0.406485504294350 0.382454393849214 -0.500000000000000 -0.620300469717766 22.5270979376943
-0.388700901837779 0.367744232191786 -0.500000000000000 -0.630269225817379 22.6040308767839
-0.370820393249936 0.352671151375483 -0.500000000000000 -0.639613669137541 22.6819845918728
-0.352848390278764 0.337250026711278 -0.500000000000000 -0.648360584290246 22.7609222590331
-0.334789327247075 0.321496076987397 -0.500000000000000 -0.656534780122068 22.8408052769395
-0.316647659958447 0.305424849450222 -0.500000000000000 -0.664159192796139 22.9215933705729
-0.298427864597825 0.289052204461029 -0.500000000000000 -0.671254985091499 23.0032446920513
-0.280134436627086 0.272394299843728 -0.500000000000000 -0.677841641038463 23.0857159188964
-0.261771889675851 0.255467574939043 -0.500000000000000 -0.683937055296259 23.1689623500201
-0.243344754427815 0.238288734380868 -0.500000000000000 -0.689557616899598 23.2529379996900
-0.224857577502870 0.220874731610807 -0.500000000000000 -0.694718287167274 23.3375956897082
-0.206314920335291 0.203242752147174 -0.500000000000000 -0.699432671689595 23.4228871400183
-0.187721358048276 0.185410196624968 -0.500000000000000 -0.703713086401249 23.5087630579318
-0.169081478325099 0.167394663623537 -0.500000000000000 -0.707570617809187 23.5951732261491
-0.150399880277165 0.149213932298912 -0.500000000000000 -0.711015177487250 23.6820665897317
-0.131681173309254 0.130885944837925 -0.500000000000000 -0.714055550975042 23.7693913421677
-0.112929975982217 0.112428788751434 -0.500000000000000 -0.716699441231679 23.8570950106579
-0.0941509148734137 0.0938606790241383 -0.500000000000000 -0.718953506798497 23.9451245407394
-0.0753486234351759 0.0751999401385824 -0.500000000000000 -0.720823394820693 24.0334263803505
-0.0565277408515712 0.0564649879911086 -0.500000000000000 -0.722313769068165 24.1219465634347
-0.0376929108937540 0.0376743117175881 -0.500000000000000 -0.723428333081907 24.2106307931712
-0.0188487807741839 0.0188464554468761 -0.500000000000000 -0.724169848555062 24.2994245249141
0 0 -0.500000000000000 -0.724540149038339 24.3882730489176
